Treatments,Time,CA,BT,BU,CD,BV,CS,DP,CH
BT_1,0,0.0,0.011599998,0.0,0.0,0.0,0.0,0.0,0.0
BT_1,3,0.0,0.086499999,0.0,0.0,0.0,0.0,0.0,0.0
BT_1,6,0.0,0.478699977,0.0,0.0,0.0,0.0,0.0,0.0
BT_1,9,0.0,0.979499991,0.0,0.0,0.0,0.0,0.0,0.0
BT_1,12,0.0,1.08480006,0.0,0.0,0.0,0.0,0.0,0.0
BT_1,15,0.0,1.068800027,0.0,0.0,0.0,0.0,0.0,0.0
BT_1,18,0.0,1.043700034,0.0,0.0,0.0,0.0,0.0,0.0
BT_1,21,0.0,0.997499997,0.0,0.0,0.0,0.0,0.0,0.0
BT_1,24,0.0,0.927400048,0.0,0.0,0.0,0.0,0.0,0.0
BT_2,0,0.0,0.007299999,0.0,0.0,0.0,0.0,0.0,0.0
BT_2,3,0.0,0.082999999,0.0,0.0,0.0,0.0,0.0,0.0
BT_2,6,0.0,0.486299987,0.0,0.0,0.0,0.0,0.0,0.0
BT_2,9,0.0,0.985699947,0.0,0.0,0.0,0.0,0.0,0.0
BT_2,12,0.0,1.079299981,0.0,0.0,0.0,0.0,0.0,0.0
BT_2,15,0.0,1.065800006,0.0,0.0,0.0,0.0,0.0,0.0
BT_2,18,0.0,1.037800009,0.0,0.0,0.0,0.0,0.0,0.0
BT_2,21,0.0,1.011200006,0.0,0.0,0.0,0.0,0.0,0.0
BT_2,24,0.0,0.938200052,0.0,0.0,0.0,0.0,0.0,0.0
BT_3,0,0.0,0.008400003,0.0,0.0,0.0,0.0,0.0,0.0
BT_3,3,0.0,0.080500002,0.0,0.0,0.0,0.0,0.0,0.0
BT_3,6,0.0,0.471100027,0.0,0.0,0.0,0.0,0.0,0.0
BT_3,9,0.0,0.956900055,0.0,0.0,0.0,0.0,0.0,0.0
BT_3,12,0.0,1.058800037,0.0,0.0,0.0,0.0,0.0,0.0
BT_3,15,0.0,1.046600039,0.0,0.0,0.0,0.0,0.0,0.0
BT_3,18,0.0,1.019800002,0.0,0.0,0.0,0.0,0.0,0.0
BT_3,21,0.0,0.990899975,0.0,0.0,0.0,0.0,0.0,0.0
BT_3,24,0.0,0.965400035,0.0,0.0,0.0,0.0,0.0,0.0
BU_1,0,0.0,0.0,0.006000007,0.0,0.0,0.0,0.0,0.0
BU_1,3,0.0,0.0,0.050900007,0.0,0.0,0.0,0.0,0.0
BU_1,6,0.0,0.0,0.544399972,0.0,0.0,0.0,0.0,0.0
BU_1,9,0.0,0.0,1.031600053,0.0,0.0,0.0,0.0,0.0
BU_1,12,0.0,0.0,1.012000019,0.0,0.0,0.0,0.0,0.0
BU_1,15,0.0,0.0,0.997600014,0.0,0.0,0.0,0.0,0.0
BU_1,18,0.0,0.0,0.963599975,0.0,0.0,0.0,0.0,0.0
BU_1,21,0.0,0.0,0.913000042,0.0,0.0,0.0,0.0,0.0
BU_1,24,0.0,0.0,0.898600037,0.0,0.0,0.0,0.0,0.0
BU_2,0,0.0,0.0,0.004900003,0.0,0.0,0.0,0.0,0.0
BU_2,3,0.0,0.0,0.053600008,0.0,0.0,0.0,0.0,0.0
BU_2,6,0.0,0.0,0.50560003,0.0,0.0,0.0,0.0,0.0
BU_2,9,0.0,0.0,0.990799959,0.0,0.0,0.0,0.0,0.0
BU_2,12,0.0,0.0,0.992700035,0.0,0.0,0.0,0.0,0.0
BU_2,15,0.0,0.0,0.988900001,0.0,0.0,0.0,0.0,0.0
BU_2,18,0.0,0.0,0.947699959,0.0,0.0,0.0,0.0,0.0
BU_2,21,0.0,0.0,0.894599969,0.0,0.0,0.0,0.0,0.0
BU_2,24,0.0,0.0,0.89000004,0.0,0.0,0.0,0.0,0.0
BU_3,0,0.0,0.0,0.005100007,0.0,0.0,0.0,0.0,0.0
BU_3,3,0.0,0.0,0.046500007,0.0,0.0,0.0,0.0,0.0
BU_3,6,0.0,0.0,0.545199985,0.0,0.0,0.0,0.0,0.0
BU_3,9,0.0,0.0,1.039500053,0.0,0.0,0.0,0.0,0.0
BU_3,12,0.0,0.0,1.010899956,0.0,0.0,0.0,0.0,0.0
BU_3,15,0.0,0.0,0.946800048,0.0,0.0,0.0,0.0,0.0
BU_3,18,0.0,0.0,0.928399975,0.0,0.0,0.0,0.0,0.0
BU_3,21,0.0,0.0,0.85299998,0.0,0.0,0.0,0.0,0.0
BU_3,24,0.0,0.0,0.873599942,0.0,0.0,0.0,0.0,0.0
BV_1,0,0.0,0.0,0.0,0.0,0.021700005,0.0,0.0,0.0
BV_1,3,0.0,0.0,0.0,0.0,0.116699989,0.0,0.0,0.0
BV_1,6,0.0,0.0,0.0,0.0,0.78170001,0.0,0.0,0.0
BV_1,9,0.0,0.0,0.0,0.0,1.012100036,0.0,0.0,0.0
BV_1,12,0.0,0.0,0.0,0.0,1.002000029,0.0,0.0,0.0
BV_2,0,0.0,0.0,0.0,0.0,0.020499999,0.0,0.0,0.0
BV_2,3,0.0,0.0,0.0,0.0,0.109600003,0.0,0.0,0.0
BV_2,6,0.0,0.0,0.0,0.0,0.760999973,0.0,0.0,0.0
BV_2,9,0.0,0.0,0.0,0.0,1.016599948,0.0,0.0,0.0
BV_2,12,0.0,0.0,0.0,0.0,1.002700026,0.0,0.0,0.0
BV_3,0,0.0,0.0,0.0,0.0,0.013299997,0.0,0.0,0.0
BV_3,3,0.0,0.0,0.0,0.0,0.104600007,0.0,0.0,0.0
BV_3,6,0.0,0.0,0.0,0.0,0.774299974,0.0,0.0,0.0
BV_3,9,0.0,0.0,0.0,0.0,1.017299945,0.0,0.0,0.0
BV_3,12,0.0,0.0,0.0,0.0,0.999200041,0.0,0.0,0.0
CA_1,0,0.0,0.0,0.0,0.0,0.0,0.0,0.0,0.0
CA_1,3,0.006399999,0.0,0.0,0.0,0.0,0.0,0.0,0.0
CA_1,6,0.011599998,0.0,0.0,0.0,0.0,0.0,0.0,0.0
CA_1,9,0.015500004,0.0,0.0,0.0,0.0,0.0,0.0,0.0
CA_1,12,0.018599997,0.0,0.0,0.0,0.0,0.0,0.0,0.0
CA_1,15,0.020000006,0.0,0.0,0.0,0.0,0.0,0.0,0.0
CA_1,18,0.024799998,0.0,0.0,0.0,0.0,0.0,0.0,0.0
CA_1,21,0.083100001,0.0,0.0,0.0,0.0,0.0,0.0,0.0
CA_1,24,0.415700013,0.0,0.0,0.0,0.0,0.0,0.0,0.0
CA_2,0,0.014500002,0.0,0.0,0.0,0.0,0.0,0.0,0.0
CA_2,3,0.019800002,0.0,0.0,0.0,0.0,0.0,0.0,0.0
CA_2,6,0.024699996,0.0,0.0,0.0,0.0,0.0,0.0,0.0
CA_2,9,0.028700004,0.0,0.0,0.0,0.0,0.0,0.0,0.0
CA_2,12,0.032,0.0,0.0,0.0,0.0,0.0,0.0,0.0
CA_2,15,0.035900007,0.0,0.0,0.0,0.0,0.0,0.0,0.0
CA_2,18,0.061699996,0.0,0.0,0.0,0.0,0.0,0.0,0.0
CA_2,21,0.251399989,0.0,0.0,0.0,0.0,0.0,0.0,0.0
CA_2,24,0.540599997,0.0,0.0,0.0,0.0,0.0,0.0,0.0
CA_3,0,0.008400003,0.0,0.0,0.0,0.0,0.0,0.0,0.0
CA_3,3,0.013700003,0.0,0.0,0.0,0.0,0.0,0.0,0.0
CA_3,6,0.018000002,0.0,0.0,0.0,0.0,0.0,0.0,0.0
CA_3,9,0.021600003,0.0,0.0,0.0,0.0,0.0,0.0,0.0
CA_3,12,0.023400004,0.0,0.0,0.0,0.0,0.0,0.0,0.0
CA_3,15,0.025499995,0.0,0.0,0.0,0.0,0.0,0.0,0.0
CA_3,18,0.032100002,0.0,0.0,0.0,0.0,0.0,0.0,0.0
CA_3,21,0.092399995,0.0,0.0,0.0,0.0,0.0,0.0,0.0
CA_3,24,0.48830002,0.0,0.0,0.0,0.0,0.0,0.0,0.0
CDevo_1,0,0.0,0.0,0.0,0.014700005,0.0,0.0,0.0,0.0
CDevo_1,3,0.0,0.0,0.0,0.027499999,0.0,0.0,0.0,0.0
CDevo_1,6,0.0,0.0,0.0,0.29019999,0.0,0.0,0.0,0.0
CDevo_1,9,0.0,0.0,0.0,0.579500015,0.0,0.0,0.0,0.0
CDevo_1,12,0.0,0.0,0.0,0.56569999,0.0,0.0,0.0,0.0
CDevo_2,0,0.0,0.0,0.0,0.007899995,0.0,0.0,0.0,0.0
CDevo_2,3,0.0,0.0,0.0,0.022500003,0.0,0.0,0.0,0.0
CDevo_2,6,0.0,0.0,0.0,0.275099988,0.0,0.0,0.0,0.0
CDevo_2,9,0.0,0.0,0.0,0.610499973,0.0,0.0,0.0,0.0
CDevo_2,12,0.0,0.0,0.0,0.586899991,0.0,0.0,0.0,0.0
CDevo_3,0,0.0,0.0,0.0,0.012299995,0.0,0.0,0.0,0.0
CDevo_3,3,0.0,0.0,0.0,0.028399999,0.0,0.0,0.0,0.0
CDevo_3,6,0.0,0.0,0.0,0.281599994,0.0,0.0,0.0,0.0
CDevo_3,9,0.0,0.0,0.0,0.58630001,0.0,0.0,0.0,0.0
CDevo_3,12,0.0,0.0,0.0,0.564700002,0.0,0.0,0.0,0.0
CH_1,0,0.0,0.0,0.0,0.0,0.0,0.0,0.0,0.006800006
CH_1,3,0.0,0.0,0.0,0.0,0.0,0.0,0.0,0.015300001
CH_1,6,0.0,0.0,0.0,0.0,0.0,0.0,0.0,0.039200003
CH_1,9,0.0,0.0,0.0,0.0,0.0,0.0,0.0,0.176899994
CH_1,12,0.0,0.0,0.0,0.0,0.0,0.0,0.0,0.616399998
CH_1,15,0.0,0.0,0.0,0.0,0.0,0.0,0.0,0.645099993
CH_1,18,0.0,0.0,0.0,0.0,0.0,0.0,0.0,0.584699983
CH_1,21,0.0,0.0,0.0,0.0,0.0,0.0,0.0,0.528599973
CH_1,24,0.0,0.0,0.0,0.0,0.0,0.0,0.0,0.483099992
CH_2,0,0.0,0.0,0.0,0.0,0.0,0.0,0.0,0.009599994
CH_2,3,0.0,0.0,0.0,0.0,0.0,0.0,0.0,0.018699999
CH_2,6,0.0,0.0,0.0,0.0,0.0,0.0,0.0,0.040699999
CH_2,9,0.0,0.0,0.0,0.0,0.0,0.0,0.0,0.189999993
CH_2,12,0.0,0.0,0.0,0.0,0.0,0.0,0.0,0.625900025
CH_2,15,0.0,0.0,0.0,0.0,0.0,0.0,0.0,0.646199996
CH_2,18,0.0,0.0,0.0,0.0,0.0,0.0,0.0,0.587899978
CH_2,21,0.0,0.0,0.0,0.0,0.0,0.0,0.0,0.526400025
CH_2,24,0.0,0.0,0.0,0.0,0.0,0.0,0.0,0.453999991
CH_3,0,0.0,0.0,0.0,0.0,0.0,0.0,0.0,0.005199994
CH_3,3,0.0,0.0,0.0,0.0,0.0,0.0,0.0,0.013999994
CH_3,6,0.0,0.0,0.0,0.0,0.0,0.0,0.0,0.038500006
CH_3,9,0.0,0.0,0.0,0.0,0.0,0.0,0.0,0.202500011
CH_3,12,0.0,0.0,0.0,0.0,0.0,0.0,0.0,0.652299995
CH_3,15,0.0,0.0,0.0,0.0,0.0,0.0,0.0,0.659099991
CH_3,18,0.0,0.0,0.0,0.0,0.0,0.0,0.0,0.600199992
CH_3,21,0.0,0.0,0.0,0.0,0.0,0.0,0.0,0.511900003
CH_3,24,0.0,0.0,0.0,0.0,0.0,0.0,0.0,0.44099998
CS_1,0,0.0,0.0,0.0,0.0,0.0,0.012900005,0.0,0.0
CS_1,3,0.0,0.0,0.0,0.0,0.0,0.024100001,0.0,0.0
CS_1,6,0.0,0.0,0.0,0.0,0.0,0.056000004,0.0,0.0
CS_1,9,0.0,0.0,0.0,0.0,0.0,0.151300008,0.0,0.0
CS_1,12,0.0,0.0,0.0,0.0,0.0,0.289,0.0,0.0
CS_1,15,0.0,0.0,0.0,0.0,0.0,0.366999979,0.0,0.0
CS_1,18,0.0,0.0,0.0,0.0,0.0,0.403599973,0.0,0.0
CS_1,21,0.0,0.0,0.0,0.0,0.0,0.527299995,0.0,0.0
CS_1,24,0.0,0.0,0.0,0.0,0.0,0.597999985,0.0,0.0
CS_2,0,0.0,0.0,0.0,0.0,0.0,0.012100006,0.0,0.0
CS_2,3,0.0,0.0,0.0,0.0,0.0,0.0223,0.0,0.0
CS_2,6,0.0,0.0,0.0,0.0,0.0,0.050299997,0.0,0.0
CS_2,9,0.0,0.0,0.0,0.0,0.0,0.142000015,0.0,0.0
CS_2,12,0.0,0.0,0.0,0.0,0.0,0.272500003,0.0,0.0
CS_2,15,0.0,0.0,0.0,0.0,0.0,0.385500009,0.0,0.0
CS_2,18,0.0,0.0,0.0,0.0,0.0,0.40729999,0.0,0.0
CS_2,21,0.0,0.0,0.0,0.0,0.0,0.526899988,0.0,0.0
CS_2,24,0.0,0.0,0.0,0.0,0.0,0.612900014,0.0,0.0
CS_3,0,0.0,0.0,0.0,0.0,0.0,0.005900005,0.0,0.0
CS_3,3,0.0,0.0,0.0,0.0,0.0,0.018599997,0.0,0.0
CS_3,6,0.0,0.0,0.0,0.0,0.0,0.050199995,0.0,0.0
CS_3,9,0.0,0.0,0.0,0.0,0.0,0.143299992,0.0,0.0
CS_3,12,0.0,0.0,0.0,0.0,0.0,0.278199996,0.0,0.0
CS_3,15,0.0,0.0,0.0,0.0,0.0,0.365199978,0.0,0.0
CS_3,18,0.0,0.0,0.0,0.0,0.0,0.418300028,0.0,0.0
CS_3,21,0.0,0.0,0.0,0.0,0.0,0.508899982,0.0,0.0
CS_3,24,0.0,0.0,0.0,0.0,0.0,0.622700031,0.0,0.0
DP_1,0,0.0,0.0,0.0,0.0,0.0,0.0,0.013600002,0.0
DP_1,3,0.0,0.0,0.0,0.0,0.0,0.0,0.026300008,0.0
DP_1,6,0.0,0.0,0.0,0.0,0.0,0.0,0.182599987,0.0
DP_1,9,0.0,0.0,0.0,0.0,0.0,0.0,0.219700004,0.0
DP_1,12,0.0,0.0,0.0,0.0,0.0,0.0,0.320399995,0.0
DP_1,15,0.0,0.0,0.0,0.0,0.0,0.0,0.325500006,0.0
DP_1,18,0.0,0.0,0.0,0.0,0.0,0.0,0.332200016,0.0
DP_1,21,0.0,0.0,0.0,0.0,0.0,0.0,0.311500008,0.0
DP_1,24,0.0,0.0,0.0,0.0,0.0,0.0,0.306800003,0.0
DP_2,0,0.0,0.0,0.0,0.0,0.0,0.0,0.010900001,0.0
DP_2,3,0.0,0.0,0.0,0.0,0.0,0.0,0.027499999,0.0
DP_2,6,0.0,0.0,0.0,0.0,0.0,0.0,0.212400014,0.0
DP_2,9,0.0,0.0,0.0,0.0,0.0,0.0,0.312699998,0.0
DP_2,12,0.0,0.0,0.0,0.0,0.0,0.0,0.344900007,0.0
DP_2,15,0.0,0.0,0.0,0.0,0.0,0.0,0.362599994,0.0
DP_2,18,0.0,0.0,0.0,0.0,0.0,0.0,0.368499989,0.0
DP_2,21,0.0,0.0,0.0,0.0,0.0,0.0,0.336899991,0.0
DP_2,24,0.0,0.0,0.0,0.0,0.0,0.0,0.28960001,0.0
DP_3,0,0.0,0.0,0.0,0.0,0.0,0.0,0.014899994,0.0
DP_3,3,0.0,0.0,0.0,0.0,0.0,0.0,0.027700002,0.0
DP_3,6,0.0,0.0,0.0,0.0,0.0,0.0,0.183600004,0.0
DP_3,9,0.0,0.0,0.0,0.0,0.0,0.0,0.244799996,0.0
DP_3,12,0.0,0.0,0.0,0.0,0.0,0.0,0.312099988,0.0
DP_3,15,0.0,0.0,0.0,0.0,0.0,0.0,0.333200003,0.0
DP_3,18,0.0,0.0,0.0,0.0,0.0,0.0,0.339999999,0.0
DP_3,21,0.0,0.0,0.0,0.0,0.0,0.0,0.31569999,0.0
DP_3,24,0.0,0.0,0.0,0.0,0.0,0.0,0.272200013,0.0
CDevo-BT-BU-CA_1,0,0.0025,0.0025,0.0025,0.0025,0.0,0.0,0.0,0.0
CDevo-BT-BU-CA_1,12,0.011410456,0.843859784,0.344369628,0.009560112,0.0,0.0,0.0,0.0
CDevo-BT-BU-CA_1,24,0.016912261,0.85846636,0.316191629,0.011229741,0.0,0.0,0.0,0.0
CDevo-BT-BU-CA_2,0,0.0025,0.0025,0.0025,0.0025,0.0,0.0,0.0,0.0
CDevo-BT-BU-CA_2,12,0.015860866,0.786714198,0.380584527,0.008540466,0.0,0.0,0.0,0.0
CDevo-BT-BU-CA_2,24,0.020293383,0.857137444,0.309330768,0.012038447,0.0,0.0,0.0,0.0
CDevo-BT-BU-CA_3,0,0.0025,0.0025,0.0025,0.0025,0.0,0.0,0.0,0.0
CDevo-BT-BU-CA_3,12,0.015295355,0.807617234,0.361127829,0.009559597,0.0,0.0,0.0,0.0
CDevo-BT-BU-CA_3,24,0.023030321,0.843993523,0.305675167,0.013300934,0.0,0.0,0.0,0.0
CDevo-BT_1,0,0.0,0.005,0.0,0.005,0.0,0.0,0.0,0.0
CDevo-BT_1,24,0.0,1.125993411,0.0,0.022506629,0.0,0.0,0.0,0.0
CDevo-BT_2,0,0.0,0.005,0.0,0.005,0.0,0.0,0.0,0.0
CDevo-BT_2,24,0.0,1.121544106,0.0,0.019155951,0.0,0.0,0.0,0.0
CDevo-BT_3,0,0.0,0.005,0.0,0.005,0.0,0.0,0.0,0.0
CDevo-BT_3,24,0.0,1.1025591,0.0,0.025640909,0.0,0.0,0.0,0.0
CDevo-BV_1,0,0.0,0.0,0.0,0.005,0.005,0.0,0.0,0.0
CDevo-BV_1,12,0.0,0.0,0.0,0.18082326,1.024976752,0.0,0.0,0.0
CDevo-BV_1,24,0.0,0.0,0.0,0.073107936,1.107592083,0.0,0.0,0.0
CDevo-BV_2,0,0.0,0.0,0.0,0.005,0.005,0.0,0.0,0.0
CDevo-BV_2,12,0.0,0.0,0.0,0.177603621,1.061196384,0.0,0.0,0.0
CDevo-BV_2,24,0.0,0.0,0.0,0.082720242,1.106679791,0.0,0.0,0.0
CDevo-BV_3,0,0.0,0.0,0.0,0.005,0.005,0.0,0.0,0.0
CDevo-BV_3,12,0.0,0.0,0.0,0.166778226,1.049721773,0.0,0.0,0.0
CDevo-BV_3,24,0.0,0.0,0.0,0.076907708,1.102392317,0.0,0.0,0.0
CDevo-CA_1,0,0.005,0.0,0.0,0.005,0.0,0.0,0.0,0.0
CDevo-CA_1,12,0.156656531,0.0,0.0,0.542943465,0.0,0.0,0.0,0.0
CDevo-CA_1,24,0.239583775,0.0,0.0,0.439316243,0.0,0.0,0.0,0.0
CDevo-CA_2,0,0.005,0.0,0.0,0.005,0.0,0.0,0.0,0.0
CDevo-CA_2,12,0.168261015,0.0,0.0,0.525739005,0.0,0.0,0.0,0.0
CDevo-CA_2,24,0.235419835,0.0,0.0,0.445380141,0.0,0.0,0.0,0.0
CDevo-CA_3,0,0.005,0.0,0.0,0.005,0.0,0.0,0.0,0.0
CDevo-CA_3,12,0.180697769,0.0,0.0,0.522002206,0.0,0.0,0.0,0.0
CDevo-CH-BT-BU-BV_1,0,0.0,0.002,0.002,0.002,0.002,0.0,0.0,0.002
CDevo-CH-BT-BU-BV_1,12,0.0,0.807273748,0.242196715,0.005981967,0.127663931,0.0,0.0,0.009483606
CDevo-CH-BT-BU-BV_1,24,0.0,0.846463857,0.258828945,0.025954592,0.037139444,0.0,0.0,0.014913136
CDevo-CH-BT-BU-BV_2,0,0.0,0.002,0.002,0.002,0.002,0.0,0.0,0.002
CDevo-CH-BT-BU-BV_2,12,0.0,0.762763873,0.259322586,0.008458499,0.136620817,0.0,0.0,0.012634214
CDevo-CH-BT-BU-BV_2,24,0.0,0.828615358,0.274561041,0.023790777,0.031237484,0.0,0.0,0.011895389
CDevo-CH-BT-BU-BV_3,0,0.0,0.002,0.002,0.002,0.002,0.0,0.0,0.002
CDevo-CH-BT-BU-BV_3,12,0.0,0.770072103,0.253761278,0.006865835,0.144457178,0.0,0.0,0.014143621
CDevo-CH-BT-BU-BV_3,24,0.0,0.850592093,0.264193296,0.020542027,0.038421199,0.0,0.0,0.010651422
CDevo-CH-BU-CA_1,0,0.0025,0.0,0.0025,0.0025,0.0,0.0,0.0,0.0025
CDevo-CH-BU-CA_1,12,0.060272047,0.0,0.960875524,0.128446898,0.0,0.0,0.0,0.057005555
CDevo-CH-BU-CA_1,24,0.108012744,0.0,0.945874851,0.103814369,0.0,0.0,0.0,0.016698083
CDevo-CH-BU-CA_2,0,0.0025,0.0,0.0025,0.0025,0.0,0.0,0.0,0.0025
CDevo-CH-BU-CA_2,12,0.079676275,0.0,0.956747654,0.116714,0.0,0.0,0.0,0.048962065
CDevo-CH-BU-CA_2,24,0.103997001,0.0,0.936282983,0.08307361,0.0,0.0,0.0,0.014646373
CDevo-CH-BU-CA_3,0,0.0025,0.0,0.0025,0.0025,0.0,0.0,0.0,0.0025
CDevo-CH-BU-CA_3,12,0.127105014,0.0,0.94427347,0.112024758,0.0,0.0,0.0,0.036396708
CDevo-CH-BU-CA_3,24,0.091951294,0.0,0.934614876,0.068202284,0.0,0.0,0.0,0.013031508
CDevo-CH-DP-BT-BU_1,0,0.0,0.002,0.002,0.002,0.0,0.0,0.002,0.002
CDevo-CH-DP-BT-BU_1,12,0.0,0.851198364,0.283012415,0.017758747,0.0,0.0,0.006107506,0.007422968
CDevo-CH-DP-BT-BU_1,24,0.0,0.833691939,0.231917939,0.050021516,0.0,0.0,0.006063214,0.019705446
CDevo-CH-DP-BT-BU_2,0,0.0,0.002,0.002,0.002,0.0,0.0,0.002,0.002
CDevo-CH-DP-BT-BU_2,12,0.0,0.858512579,0.274005202,0.020286389,0.0,0.0,0.009355823,0.007040025
CDevo-CH-DP-BT-BU_2,24,0.0,0.832705696,0.238929399,0.047127114,0.0,0.0,0.009881492,0.01925624
CDevo-CH-DP-BT-BU_3,0,0.0,0.002,0.002,0.002,0.0,0.0,0.002,0.002
CDevo-CH-DP-BT-BU_3,12,0.0,0.88791679,0.247220497,0.019327623,0.0,0.0,0.0072118,0.006923328
CDevo-CH-DP-BT-BU_3,24,0.0,0.827532083,0.245617287,0.033629751,0.0,0.0,0.007806906,0.01581399
CDevo-CH-DP-CA_1,0,0.0025,0.0,0.0,0.0025,0.0,0.0,0.0025,0.0025
CDevo-CH-DP-CA_1,12,0.250226132,0.0,0.0,0.29500041,0.0,0.0,0.122851739,0.076021709
CDevo-CH-DP-CA_1,24,0.245389364,0.0,0.0,0.303187248,0.0,0.0,0.27526838,0.055254988
CDevo-CH-DP-CA_2,0,0.0025,0.0,0.0,0.0025,0.0,0.0,0.0025,0.0025
CDevo-CH-DP-CA_2,12,0.217844072,0.0,0.0,0.308458678,0.0,0.0,0.138792054,0.062405172
CDevo-CH-DP-CA_2,24,0.219463138,0.0,0.0,0.388704303,0.0,0.0,0.224702311,0.028630228
CDevo-CH-DP-CA_3,0,0.0025,0.0,0.0,0.0025,0.0,0.0,0.0025,0.0025
CDevo-CH-DP-CA_3,12,0.270382167,0.0,0.0,0.27794362,0.0,0.0,0.142030105,0.049944123
CDevo-CH-DP-CA_3,24,0.223286418,0.0,0.0,0.383987229,0.0,0.0,0.219123955,0.033002387
CDevo-CH_1,0,0.0,0.0,0.0,0.005,0.0,0.0,0.0,0.005
CDevo-CH_1,12,0.0,0.0,0.0,0.579840215,0.0,0.0,0.0,0.029559775
CDevo-CH_1,24,0.0,0.0,0.0,0.504168348,0.0,0.0,0.0,0.022831677
CDevo-CH_2,0,0.0,0.0,0.0,0.005,0.0,0.0,0.0,0.005
CDevo-CH_2,12,0.0,0.0,0.0,0.578907129,0.0,0.0,0.0,0.050792891
CDevo-CH_2,24,0.0,0.0,0.0,0.508725494,0.0,0.0,0.0,0.021474526
CDevo-CH_3,0,0.0,0.0,0.0,0.005,0.0,0.0,0.0,0.005
CDevo-CH_3,12,0.0,0.0,0.0,0.581501824,0.0,0.0,0.0,0.0298982
CDevo-CH_3,24,0.0,0.0,0.0,0.490251132,0.0,0.0,0.0,0.022948868
CDevo-CS-BT-BU-BV_1,0,0.0,0.002,0.002,0.002,0.002,0.002,0.0,0.0
CDevo-CS-BT-BU-BV_1,12,0.0,0.772753563,0.302555251,0.008915936,0.093030754,0.005044543,0.0,0.0
CDevo-CS-BT-BU-BV_1,24,0.0,0.773361724,0.275869285,0.023708523,0.074475687,0.006184832,0.0,0.0
CDevo-CS-BT-BU-BV_2,0,0.0,0.002,0.002,0.002,0.002,0.002,0.0,0.0
CDevo-CS-BT-BU-BV_2,12,0.0,0.763692323,0.322287884,0.009443306,0.069469074,0.004207414,0.0,0.0
CDevo-CS-BT-BU-BV_2,24,0.0,0.779959385,0.287300215,0.03012381,0.06125924,0.005957321,0.0,0.0
CDevo-CS-BT-BU-BV_3,0,0.0,0.002,0.002,0.002,0.002,0.002,0.0,0.0
CDevo-CS-BT-BU-BV_3,12,0.0,0.749627747,0.303034046,0.010682495,0.097450517,0.004905227,0.0,0.0
CDevo-CS-BT-BU-BV_3,24,0.0,0.776916422,0.302460443,0.024331076,0.050619824,0.006572187,0.0,0.0
CDevo-CS-BT-BU-CA_1,0,0.002,0.002,0.002,0.002,0.0,0.002,0.0,0.0
CDevo-CS-BT-BU-CA_1,12,0.019645028,0.828283494,0.327908259,0.013587811,0.0,0.005975363,0.0,0.0
CDevo-CS-BT-BU-CA_1,24,0.027251186,0.882854138,0.263100366,0.015873113,0.0,0.006321151,0.0,0.0
CDevo-CS-BT-BU-CA_2,0,0.002,0.002,0.002,0.002,0.0,0.002,0.0,0.0
CDevo-CS-BT-BU-CA_2,12,0.018056481,0.826758062,0.348465573,0.012500641,0.0,0.005719247,0.0,0.0
CDevo-CS-BT-BU-CA_2,24,0.022118884,0.860529916,0.278943704,0.020890057,0.0,0.005617494,0.0,0.0
CDevo-CS-BT-BU-CA_3,0,0.002,0.002,0.002,0.002,0.0,0.002,0.0,0.0
CDevo-CS-BT-BU-CA_3,12,0.017349556,0.852278387,0.334609166,0.008526491,0.0,0.003336453,0.0,0.0
CDevo-CS-BT-BU-CA_3,24,0.022025087,0.881313703,0.272366572,0.02357615,0.0,0.005118506,0.0,0.0
CDevo-CS-BT-BV-CA_1,0,0.002,0.002,0.0,0.002,0.002,0.002,0.0,0.0
CDevo-CS-BT-BV-CA_1,12,0.011259964,0.960895447,0.0,0.013430559,0.218144837,0.005969137,0.0,0.0
CDevo-CS-BT-BV-CA_2,0,0.002,0.002,0.0,0.002,0.002,0.002,0.0,0.0
CDevo-CS-BT-BV-CA_2,12,0.009253184,0.991800465,0.0,0.013376885,0.199144602,0.004324858,0.0,0.0
CDevo-CS-BT-BV-CA_2,24,0.012016579,1.026253112,0.0,0.01993448,0.106658783,0.004937044,0.0,0.0
CDevo-CS-BT-BV-CA_3,0,0.002,0.002,0.0,0.002,0.002,0.002,0.0,0.0
CDevo-CS-BT-BV-CA_3,12,0.011544468,1.019645597,0.0,0.013454079,0.169694998,0.004860829,0.0,0.0
CDevo-CS-BT-BV-CA_3,24,0.009955922,1.028318613,0.0,0.023854784,0.093841959,0.004928674,0.0,0.0
CDevo-CS-BV-CA_1,0,0.0025,0.0,0.0,0.0025,0.0025,0.0025,0.0,0.0
CDevo-CS-BV-CA_1,12,0.041974781,0.0,0.0,0.158995384,1.014814539,0.025015274,0.0,0.0
CDevo-CS-BV-CA_1,24,0.083779507,0.0,0.0,0.094627996,1.016202579,0.009389869,0.0,0.0
CDevo-CS-BV-CA_2,0,0.0025,0.0,0.0,0.0025,0.0025,0.0025,0.0,0.0
CDevo-CS-BV-CA_2,12,0.053057062,0.0,0.0,0.168906428,0.95591952,0.030016992,0.0,0.0
CDevo-CS-BV-CA_2,24,0.071641759,0.0,0.0,0.061398459,1.044019155,0.011040682,0.0,0.0
CDevo-CS-BV-CA_3,0,0.0025,0.0,0.0,0.0025,0.0025,0.0025,0.0,0.0
CDevo-CS-BV-CA_3,12,0.04890588,0.0,0.0,0.169511275,1.000212587,0.028470209,0.0,0.0
CDevo-CS-BV-CA_3,24,0.09418502,0.0,0.0,0.085951135,1.014733358,0.01243051,0.0,0.0
CDevo-CS-CA_1,0,0.003333333,0.0,0.0,0.003333333,0.0,0.003333333,0.0,0.0
CDevo-CS-CA_1,12,0.2284982,0.0,0.0,0.475892203,0.0,0.037509579,0.0,0.0
CDevo-CS-CA_2,0,0.003333333,0.0,0.0,0.003333333,0.0,0.003333333,0.0,0.0
CDevo-CS-CA_2,12,0.263911936,0.0,0.0,0.45115825,0.0,0.040829794,0.0,0.0
CDevo-CS-CA_2,24,0.20837461,0.0,0.0,0.446825018,0.0,0.039400373,0.0,0.0
CDevo-CS-CA_3,0,0.003333333,0.0,0.0,0.003333333,0.0,0.003333333,0.0,0.0
CDevo-CS-CA_3,12,0.307476633,0.0,0.0,0.436716867,0.0,0.042006502,0.0,0.0
CDevo-CS-CA_3,24,0.396389354,0.0,0.0,0.310918563,0.0,0.029692086,0.0,0.0
CDevo-CS-CH-CA_1,0,0.0025,0.0,0.0,0.0025,0.0,0.0025,0.0,0.0025
CDevo-CS-CH-CA_1,12,0.234894466,0.0,0.0,0.4381171,0.0,0.025076009,0.0,0.03161241
CDevo-CS-CH-CA_1,24,0.283273166,0.0,0.0,0.449947337,0.0,0.015395281,0.0,0.023984227
CDevo-CS-CH-CA_2,0,0.0025,0.0,0.0,0.0025,0.0,0.0025,0.0,0.0025
CDevo-CS-CH-CA_2,12,0.249044746,0.0,0.0,0.422158629,0.0,0.024433618,0.0,0.032662997
CDevo-CS-CH-CA_2,24,0.289788964,0.0,0.0,0.461903928,0.0,0.016477853,0.0,0.029229267
CDevo-CS-CH-CA_3,0,0.0025,0.0,0.0,0.0025,0.0,0.0025,0.0,0.0025
CDevo-CS-CH-CA_3,12,0.22348112,0.0,0.0,0.436198485,0.0,0.020106551,0.0,0.029413824
CDevo-CS-CH-CA_3,24,0.272868693,0.0,0.0,0.464971666,0.0,0.013555749,0.0,0.031803872
CDevo-CS-CH-DP-BT-BU-BV-CA_1,0,0.00125,0.00125,0.00125,0.00125,0.00125,0.00125,0.00125,0.00125
CDevo-CS-CH-DP-BT-BU-BV-CA_1,12,0.013541418,0.828097532,0.294247045,0.010514513,0.031224917,0.003026905,0.008762094,0.012585553
CDevo-CS-CH-DP-BT-BU-BV-CA_1,24,0.025340743,0.784371802,0.254706955,0.021442167,0.04104334,0.005847864,0.008446914,0.022200224
CDevo-CS-CH-DP-BT-BU-BV-CA_2,0,0.00125,0.00125,0.00125,0.00125,0.00125,0.00125,0.00125,0.00125
CDevo-CS-CH-DP-BT-BU-BV-CA_2,12,0.016488722,0.8063941,0.297752867,0.010992481,0.033455378,0.005974175,0.010634031,0.016608206
CDevo-CS-CH-DP-BT-BU-BV-CA_2,24,0.027351816,0.788120911,0.241831905,0.015843128,0.046931532,0.003288196,0.008220491,0.02451201
CDevo-CS-CH-DP-BT-BU-BV-CA_3,0,0.00125,0.00125,0.00125,0.00125,0.00125,0.00125,0.00125,0.00125
CDevo-CS-CH-DP-BT-BU-BV-CA_3,12,0.014444946,0.79494823,0.310963175,0.012540118,0.026350121,0.003968392,0.010159083,0.016825981
CDevo-CS-CH-DP-BT-BU-BV-CA_3,24,0.037926533,0.774598773,0.26881516,0.013607229,0.032570496,0.004921764,0.008830223,0.024029788
CDevo-CS-CH-DP-BU-BV_1,0,0.0,0.0,0.001666667,0.001666667,0.001666667,0.001666667,0.001666667,0.001666667
CDevo-CS-CH-DP-BU-BV_1,12,0.0,0.0,0.653235768,0.080839556,0.29410278,0.009371521,0.020943312,0.057207025
CDevo-CS-CH-DP-BU-BV_1,24,0.0,0.0,0.436433053,0.058245625,0.556420528,0.006248573,0.013761738,0.028490516
CDevo-CS-CH-DP-BU-BV_2,0,0.0,0.0,0.001666667,0.001666667,0.001666667,0.001666667,0.001666667,0.001666667
CDevo-CS-CH-DP-BU-BV_2,12,0.0,0.0,0.75424715,0.089265132,0.200383553,0.011111842,0.021729825,0.0492625
CDevo-CS-CH-DP-BU-BV_2,24,0.0,0.0,0.467967684,0.070109775,0.525220652,0.007332398,0.012555476,0.025814058
CDevo-CS-CH-DP-BU-BV_3,0,0.0,0.0,0.001666667,0.001666667,0.001666667,0.001666667,0.001666667,0.001666667
CDevo-CS-CH-DP-BU-BV_3,12,0.0,0.0,0.742593068,0.084977846,0.238504487,0.011783595,0.019828164,0.052912872
CDevo-CS-CH-DP-BU-BV_3,24,0.0,0.0,0.466399553,0.059024167,0.539998706,0.005250616,0.013307596,0.025619385
CDevo-CS-DP-BT_1,0,0.0,0.0025,0.0,0.0025,0.0,0.0025,0.0025,0.0
CDevo-CS-DP-BT_1,12,0.0,1.134631277,0.0,0.024319676,0.0,0.004627195,0.011621792,0.0
CDevo-CS-DP-BT_1,24,0.0,1.127999003,0.0,0.035511514,0.0,0.008682331,0.011107126,0.0
CDevo-CS-DP-BT_2,0,0.0,0.0025,0.0,0.0025,0.0,0.0025,0.0025,0.0
CDevo-CS-DP-BT_2,12,0.0,1.132311639,0.0,0.024507219,0.0,0.005174831,0.008006343,0.0
CDevo-CS-DP-BT_2,24,0.0,1.116266951,0.0,0.036306181,0.0,0.008378349,0.014048545,0.0
CDevo-CS-DP-BT_3,0,0.0,0.0025,0.0,0.0025,0.0,0.0025,0.0025,0.0
CDevo-CS-DP-BT_3,12,0.0,1.135994757,0.0,0.020899764,0.0,0.004761972,0.011243544,0.0
CDevo-CS-DP-BT_3,24,0.0,1.096624081,0.0,0.034595134,0.0,0.005210111,0.011670648,0.0
CDevo-CS-DP-BU-BV_1,0,0.0,0.0,0.002,0.002,0.002,0.002,0.002,0.0
CDevo-CS-DP-BU-BV_1,12,0.0,0.0,0.763467768,0.098414813,0.221331577,0.010338032,0.01554775,0.0
CDevo-CS-DP-BU-BV_1,24,0.0,0.0,0.461379789,0.091781565,0.520228439,0.005023665,0.010286553,0.0
CDevo-CS-DP-BU-BV_2,0,0.0,0.0,0.002,0.002,0.002,0.002,0.002,0.0
CDevo-CS-DP-BU-BV_2,12,0.0,0.0,0.718698216,0.084159012,0.307997846,0.006034871,0.015910113,0.0
CDevo-CS-DP-BU-BV_2,24,0.0,0.0,0.442428709,0.074836638,0.564501683,0.005080652,0.007552321,0.0
CDevo-CS-DP-BU-BV_3,0,0.0,0.0,0.002,0.002,0.002,0.002,0.002,0.0
CDevo-CS-DP-BU-BV_3,12,0.0,0.0,0.65008548,0.057787841,0.370463318,0.00587861,0.015084734,0.0
CDevo-CS-DP-BU-BV_3,24,0.0,0.0,0.35417901,0.05124485,0.663310924,0.003627954,0.004837272,0.0
CDevo-CS-DP-BU-CA_1,0,0.002,0.0,0.002,0.002,0.0,0.002,0.002,0.0
CDevo-CS-DP-BU-CA_1,12,0.063088444,0.0,0.910235521,0.146780096,0.0,0.009235921,0.03126004,0.0
CDevo-CS-DP-BU-CA_1,24,0.137997947,0.0,0.773832457,0.168501039,0.0,0.011255152,0.053013396,0.0
CDevo-CS-DP-BU-CA_2,0,0.002,0.0,0.002,0.002,0.0,0.002,0.002,0.0
CDevo-CS-DP-BU-CA_2,12,0.054818013,0.0,0.914124563,0.147934983,0.0,0.009995607,0.034826799,0.0
CDevo-CS-DP-BU-CA_2,24,0.080414898,0.0,0.823709366,0.185329668,0.0,0.011064458,0.050481589,0.0
CDevo-CS-DP-BU-CA_3,0,0.002,0.0,0.002,0.002,0.0,0.002,0.002,0.0
CDevo-CS-DP-BU-CA_3,12,0.036323496,0.0,0.974165259,0.141429784,0.0,0.004637042,0.024344471,0.0
CDevo-CS-DP-BU-CA_3,24,0.09171702,0.0,0.779969023,0.224800287,0.0,0.008610169,0.037903462,0.0
CDevo-CS-DP-BV-CA_1,0,0.002,0.0,0.0,0.002,0.002,0.002,0.002,0.0
CDevo-CS-DP-BV-CA_1,12,0.035033153,0.0,0.0,0.133548656,0.937522946,0.013574331,0.020320855,0.0
CDevo-CS-DP-BV-CA_1,24,0.129561262,0.0,0.0,0.106744085,0.873314887,0.006981912,0.007197848,0.0
CDevo-CS-DP-BV-CA_2,0,0.002,0.0,0.0,0.002,0.002,0.002,0.002,0.0
CDevo-CS-DP-BV-CA_2,12,0.045946738,0.0,0.0,0.150854488,0.907586942,0.011506523,0.021505295,0.0
CDevo-CS-DP-BV-CA_2,24,0.147721417,0.0,0.0,0.09929432,0.887016744,0.008258885,0.008008616,0.0
CDevo-CS-DP-BV-CA_3,0,0.002,0.0,0.0,0.002,0.002,0.002,0.002,0.0
CDevo-CS-DP-BV-CA_3,12,0.050447746,0.0,0.0,0.121157974,0.903389876,0.010673242,0.023431102,0.0
CDevo-CS-DP-BV-CA_3,24,0.172442121,0.0,0.0,0.085248517,0.846784047,0.006975488,0.008249856,0.0
CDevo-CS-DP-CA_1,0,0.0025,0.0,0.0,0.0025,0.0,0.0025,0.0025,0.0
CDevo-CS-DP-CA_1,12,0.366168369,0.0,0.0,0.239393706,0.0,0.030670513,0.15556739,0.0
CDevo-CS-DP-CA_1,24,0.247485766,0.0,0.0,0.291241528,0.0,0.030047941,0.271424787,0.0
CDevo-CS-DP-CA_2,0,0.0025,0.0,0.0,0.0025,0.0,0.0025,0.0025,0.0
CDevo-CS-DP-CA_2,12,0.333365011,0.0,0.0,0.267948534,0.0,0.030862028,0.141524442,0.0
CDevo-CS-DP-CA_2,24,0.257072876,0.0,0.0,0.285135298,0.0,0.030171498,0.258420341,0.0
CDevo-CS-DP-CA_3,0,0.0025,0.0,0.0,0.0025,0.0,0.0025,0.0025,0.0
CDevo-CS-DP-CA_3,12,0.328295536,0.0,0.0,0.269290685,0.0,0.029907679,0.156306121,0.0
CDevo-CS-DP-CA_3,24,0.22783904,0.0,0.0,0.282094275,0.0,0.033058352,0.292308317,0.0
CDevo-CS_1,0,0.0,0.0,0.0,0.005,0.0,0.005,0.0,0.0
CDevo-CS_1,12,0.0,0.0,0.0,0.500457257,0.0,0.064542755,0.0,0.0
CDevo-CS_1,24,0.0,0.0,0.0,0.420527413,0.0,0.086172581,0.0,0.0
CDevo-CS_2,0,0.0,0.0,0.0,0.005,0.0,0.005,0.0,0.0
CDevo-CS_2,12,0.0,0.0,0.0,0.5309607,0.0,0.052739317,0.0,0.0
CDevo-CS_2,24,0.0,0.0,0.0,0.405531796,0.0,0.093968196,0.0,0.0
CDevo-CS_3,0,0.0,0.0,0.0,0.005,0.0,0.005,0.0,0.0
CDevo-CS_3,12,0.0,0.0,0.0,0.537909112,0.0,0.064690882,0.0,0.0
CDevo-CS_3,24,0.0,0.0,0.0,0.430559351,0.0,0.070040644,0.0,0.0
CDevo-DP-BT-BU-BV-CA_1,0,0.001666667,0.001666667,0.001666667,0.001666667,0.001666667,0.0,0.001666667,0.0
CDevo-DP-BT-BU-BV-CA_1,12,0.014771645,0.770158361,0.31684502,0.013416449,0.058137944,0.0,0.010570535,0.0
CDevo-DP-BT-BU-BV-CA_1,24,0.020133547,0.793367712,0.245099441,0.020557411,0.066652637,0.0,0.008689215,0.0
CDevo-DP-BT-BU-BV-CA_2,0,0.001666667,0.001666667,0.001666667,0.001666667,0.001666667,0.0,0.001666667,0.0
CDevo-DP-BT-BU-BV-CA_2,12,0.013391736,0.786442102,0.301661255,0.01319334,0.046920675,0.0,0.013490934,0.0
CDevo-DP-BT-BU-BV-CA_2,24,0.020055563,0.825823798,0.263160006,0.019058325,0.043546056,0.0,0.007756295,0.0
CDevo-DP-BT-BU-BV-CA_3,0,0.001666667,0.001666667,0.001666667,0.001666667,0.001666667,0.0,0.001666667,0.0
CDevo-DP-BT-BU-BV-CA_3,12,0.013173776,0.801600719,0.287117734,0.013526645,0.053518463,0.0,0.009762709,0.0
CDevo-DP-BT-BU-BV-CA_3,24,0.016808047,0.830077413,0.242636166,0.022810921,0.048983452,0.0,0.008283966,0.0
CDevo-DP-BT-CA_1,0,0.0025,0.0025,0.0,0.0025,0.0,0.0,0.0025,0.0
CDevo-DP-BT-CA_1,12,0.034431873,1.119767441,0.0,0.019995847,0.0,0.0,0.011704886,0.0
CDevo-DP-BT-CA_1,24,0.135603642,0.990257999,0.0,0.015503465,0.0,0.0,0.00723495,0.0
CDevo-DP-BT-CA_2,0,0.0025,0.0025,0.0,0.0025,0.0,0.0,0.0025,0.0
CDevo-DP-BT-CA_2,12,0.027316161,1.128267501,0.0,0.016809945,0.0,0.0,0.010706334,0.0
CDevo-DP-BT-CA_2,24,0.116719255,1.000548456,0.0,0.020289089,0.0,0.0,0.005243248,0.0
CDevo-DP-BT-CA_3,0,0.0025,0.0025,0.0,0.0025,0.0,0.0,0.0025,0.0
CDevo-DP-BT-CA_3,12,0.023328338,1.137514533,0.0,0.020334879,0.0,0.0,0.010322273,0.0
CDevo-DP-BT-CA_3,24,0.094405522,1.03618248,0.0,0.01979241,0.0,0.0,0.007119572,0.0
CDevo-DP_1,0,0.0,0.0,0.0,0.005,0.0,0.0,0.005,0.0
CDevo-DP_1,12,0.0,0.0,0.0,0.402636115,0.0,0.0,0.248863886,0.0
CDevo-DP_1,24,0.0,0.0,0.0,0.400896457,0.0,0.0,0.230803537,0.0
CDevo-DP_2,0,0.0,0.0,0.0,0.005,0.0,0.0,0.005,0.0
CDevo-DP_2,12,0.0,0.0,0.0,0.383327127,0.0,0.0,0.268472865,0.0
CDevo-DP_2,24,0.0,0.0,0.0,0.409054679,0.0,0.0,0.20824531,0.0
CDevo-DP_3,0,0.0,0.0,0.0,0.005,0.0,0.0,0.005,0.0
CDevo-DP_3,12,0.0,0.0,0.0,0.383472021,0.0,0.0,0.278427978,0.0
CDevo-DP_3,24,0.0,0.0,0.0,0.382714284,0.0,0.0,0.238585713,0.0
CH-BU-BV-CA_1,0,0.0025,0.0,0.0025,0.0,0.0025,0.0,0.0,0.0025
CH-BU-BV-CA_1,12,0.020173893,0.0,0.851626482,0.0,0.211025325,0.0,0.0,0.078774249
CH-BU-BV-CA_1,24,0.022239173,0.0,0.64571908,0.0,0.447445892,0.0,0.0,0.051995812
CH-BU-BV-CA_2,0,0.0025,0.0,0.0025,0.0,0.0025,0.0,0.0,0.0025
CH-BU-BV-CA_2,12,0.021777133,0.0,0.882503582,0.0,0.16891992,0.0,0.0,0.091699385
CH-BU-BV-CA_2,24,0.031343218,0.0,0.698109051,0.0,0.38178707,0.0,0.0,0.051460674
CH-BU-BV-CA_3,0,0.0025,0.0,0.0025,0.0,0.0025,0.0,0.0,0.0025
CH-BU-BV-CA_3,12,0.033038615,0.0,0.770545759,0.0,0.268749593,0.0,0.0,0.09236602
CH-DP-BT-BU_1,0,0.0,0.0025,0.0025,0.0,0.0,0.0,0.0025,0.0025
CH-DP-BT-BU_1,12,0.0,0.830421745,0.297506748,0.0,0.0,0.0,0.01148739,0.0144841
CH-DP-BT-BU_1,24,0.0,0.820284626,0.284536994,0.0,0.0,0.0,0.010348281,0.039030132
CH-DP-BT-BU_2,0,0.0,0.0025,0.0025,0.0,0.0,0.0,0.0025,0.0025
CH-DP-BT-BU_2,12,0.0,0.853915162,0.274136952,0.0,0.0,0.0,0.006267873,0.014680017
CH-DP-BT-BU_2,24,0.0,0.848391656,0.265646444,0.0,0.0,0.0,0.008130738,0.033031122
CH-DP-BT-BU_3,0,0.0,0.0025,0.0025,0.0,0.0,0.0,0.0025,0.0025
CH-DP-BT-BU_3,12,0.0,0.849301767,0.296081884,0.0,0.0,0.0,0.008727764,0.015288636
CH-DP-BT-BU_3,24,0.0,0.841231876,0.291977748,0.0,0.0,0.0,0.009283168,0.029507214
CH-DP-BV-CA_1,0,0.0025,0.0,0.0,0.0,0.0025,0.0,0.0025,0.0025
CH-DP-BV-CA_1,12,0.027913004,0.0,0.0,0.0,0.911592173,0.0,0.023415908,0.056678904
CH-DP-BV-CA_1,24,0.095940968,0.0,0.0,0.0,0.925432983,0.0,0.010365771,0.013360327
CH-DP-BV-CA_2,0,0.0025,0.0,0.0,0.0,0.0025,0.0,0.0025,0.0025
CH-DP-BV-CA_2,12,0.030043888,0.0,0.0,0.0,0.905259038,0.0,0.025149861,0.061447227
CH-DP-BV-CA_2,24,0.079653182,0.0,0.0,0.0,0.958197446,0.0,0.007639515,0.01100989
CH-DP-BV-CA_3,0,0.0025,0.0,0.0,0.0,0.0025,0.0,0.0025,0.0025
CH-DP-BV-CA_3,12,0.028007696,0.0,0.0,0.0,0.926635189,0.0,0.023472037,0.04898512
CH-DP-BV-CA_3,24,0.097320364,0.0,0.0,0.0,0.911587627,0.0,0.0082328,0.011959225
CS-BT-BU-BV_1,0,0.0,0.0025,0.0025,0.0,0.0025,0.0025,0.0,0.0
CS-BT-BU-BV_1,12,0.0,0.768171719,0.302529325,0.0,0.051343097,0.006055852,0.0,0.0
CS-BT-BU-BV_1,24,0.0,0.756641556,0.317215127,0.0,0.035127401,0.009215934,0.0,0.0
CS-BT-BU-BV_2,0,0.0,0.0025,0.0025,0.0,0.0025,0.0025,0.0,0.0
CS-BT-BU-BV_2,12,0.0,0.75875673,0.339766924,0.0,0.04415288,0.006223454,0.0,0.0
CS-BT-BU-BV_2,24,0.0,0.785380259,0.317930172,0.0,0.026789939,0.007899597,0.0,0.0
CS-BT-BU-BV_3,0,0.0,0.0025,0.0025,0.0,0.0025,0.0025,0.0,0.0
CS-BT-BU-BV_3,12,0.0,0.71849717,0.337427412,0.0,0.072770611,0.004904759,0.0,0.0
CS-BT-BU-BV_3,24,0.0,0.745049557,0.353710396,0.0,0.019713477,0.006726558,0.0,0.0
CS-BT-BU-CA_1,0,0.0025,0.0025,0.0025,0.0,0.0,0.0025,0.0,0.0
CS-BT-BU-CA_1,12,0.013078574,0.774563898,0.367826757,0.0,0.0,0.00553074,0.0,0.0
CS-BT-BU-CA_1,24,0.019101247,0.790497752,0.363015522,0.0,0.0,0.005785474,0.0,0.0
CS-BT-BU-CA_2,0,0.0025,0.0025,0.0025,0.0,0.0,0.0025,0.0,0.0
CS-BT-BU-CA_2,12,0.011175979,0.763691922,0.367535256,0.0,0.0,0.005996867,0.0,0.0
CS-BT-BU-CA_2,24,0.019146025,0.818411452,0.335217696,0.0,0.0,0.005624821,0.0,0.0
CS-BT-BU-CA_3,0,0.0025,0.0025,0.0025,0.0,0.0,0.0025,0.0,0.0
CS-BT-BU-CA_3,12,0.014148001,0.742400997,0.375045064,0.0,0.0,0.004305913,0.0,0.0
CS-BT-BU-CA_3,24,0.020606748,0.848764737,0.307351592,0.0,0.0,0.004276872,0.0,0.0
CS-BT-BV-CA_1,0,0.0025,0.0025,0.0,0.0,0.0025,0.0025,0.0,0.0
CS-BT-BV-CA_1,12,0.013093857,1.083686966,0.0,0.0,0.066983026,0.006736146,0.0,0.0
CS-BT-BV-CA_1,24,0.021330698,1.060071053,0.0,0.0,0.037490318,0.009307941,0.0,0.0
CS-BT-BV-CA_2,0,0.0025,0.0025,0.0,0.0,0.0025,0.0025,0.0,0.0
CS-BT-BV-CA_2,12,0.012828601,0.979999349,0.0,0.0,0.154736739,0.003835355,0.0,0.0
CS-BT-BV-CA_2,24,0.020972974,0.999774174,0.0,0.0,0.087730699,0.007022201,0.0,0.0
CS-BT-BV-CA_3,0,0.0025,0.0025,0.0,0.0,0.0025,0.0025,0.0,0.0
CS-BT-BV-CA_3,12,0.013263872,0.984461981,0.0,0.0,0.129485833,0.006088335,0.0,0.0
CS-BT-BV-CA_3,24,0.025428737,0.972776337,0.0,0.0,0.087093425,0.007501477,0.0,0.0
CS-CH-BT-BU-BV-CA_1,0,0.001666667,0.001666667,0.001666667,0.0,0.001666667,0.001666667,0.0,0.001666667
CS-CH-BT-BU-BV-CA_1,12,0.009527701,0.80867831,0.280537857,0.0,0.067046784,0.004822663,0.0,0.008586693
CS-CH-BT-BU-BV-CA_1,24,0.02092779,0.826346595,0.262124337,0.0,0.036962392,0.00828078,0.0,0.022358107
CS-CH-BT-BU-BV-CA_2,0,0.001666667,0.001666667,0.001666667,0.0,0.001666667,0.001666667,0.0,0.001666667
CS-CH-BT-BU-BV-CA_2,12,0.011077786,0.842538763,0.26377671,0.0,0.064585581,0.003344237,0.0,0.013376949
CS-CH-BT-BU-BV-CA_2,24,0.01993001,0.830966102,0.250689873,0.0,0.049907379,0.004776614,0.0,0.01993001
CS-CH-BT-BU-BV-CA_3,0,0.001666667,0.001666667,0.001666667,0.0,0.001666667,0.001666667,0.0,0.001666667
CS-CH-BT-BU-BV-CA_3,12,0.007756645,0.771090069,0.279636997,0.0,0.102228603,0.00596665,0.0,0.014121072
CS-CH-BT-BU-BV-CA_3,24,0.012544343,0.787047893,0.257641514,0.0,0.048686088,0.005000193,0.0,0.026579972
CS-CH-BT-BU-CA_1,0,0.002,0.002,0.002,0.0,0.0,0.002,0.0,0.002
CS-CH-BT-BU-CA_1,12,0.00449782,0.894829358,0.272946627,0.0,0.0,0.003077455,0.0,0.00804873
CS-CH-BT-BU-CA_1,24,0.009986758,0.862190095,0.291080702,0.0,0.0,0.004660487,0.0,0.013581991
CS-CH-BT-BU-CA_2,0,0.002,0.002,0.002,0.0,0.0,0.002,0.0,0.002
CS-CH-BT-BU-CA_2,12,0.005628663,0.889433,0.300299598,0.0,0.0,0.002918566,0.0,0.005420194
CS-CH-BT-BU-CA_2,24,0.011855016,0.864670014,0.28816807,0.0,0.0,0.006549274,0.0,0.011357602
CS-CH-BT-BU-CA_3,0,0.002,0.002,0.002,0.0,0.0,0.002,0.0,0.002
CS-CH-BT-BU-CA_3,12,0.007829294,0.880795536,0.282227395,0.0,0.0,0.002796176,0.0,0.006151588
CS-CH-BT-BU-CA_3,24,0.012549645,0.863079942,0.283461457,0.0,0.0,0.005472229,0.0,0.008536677
CS-CH-BT-BU_1,0,0.0,0.0025,0.0025,0.0,0.0,0.0025,0.0,0.0025
CS-CH-BT-BU_1,12,0.0,0.879068929,0.298135578,0.0,0.0,0.003918417,0.0,0.007277061
CS-CH-BT-BU_1,24,0.0,0.878723999,0.294045191,0.0,0.0,0.01031595,0.0,0.014214892
CS-CH-BT-BU_2,0,0.0,0.0025,0.0025,0.0,0.0,0.0025,0.0,0.0025
CS-CH-BT-BU_2,12,0.0,0.856523888,0.320237892,0.0,0.0,0.004498872,0.0,0.00633932
CS-CH-BT-BU_2,24,0.0,0.87634841,0.286751141,0.0,0.0,0.00946764,0.0,0.010532749
CS-CH-BT-BU_3,0,0.0,0.0025,0.0025,0.0,0.0,0.0025,0.0,0.0025
CS-CH-BT-BU_3,12,0.0,0.848987859,0.328175666,0.0,0.0,0.004884293,0.0,0.008352142
CS-CH-BT-BU_3,24,0.0,0.892079315,0.27174797,0.0,0.0,0.008525426,0.0,0.01374725
CS-CH-BT-CA_1,0,0.0025,0.0025,0.0,0.0,0.0,0.0025,0.0,0.0025
CS-CH-BT-CA_1,12,0.011349318,1.185720001,0.0,0.0,0.0,0.003688528,0.0,0.006242125
CS-CH-BT-CA_1,24,0.019633925,1.119694667,0.0,0.0,0.0,0.006357652,0.0,0.004113775
CS-CH-BT-CA_2,0,0.0025,0.0025,0.0,0.0,0.0,0.0025,0.0,0.0025
CS-CH-BT-CA_2,12,0.01368793,1.170788193,0.0,0.0,0.0,0.004388497,0.0,0.010135337
CS-CH-BT-CA_2,24,0.027693096,1.103142279,0.0,0.0,0.0,0.008654093,0.0,0.006210584
CS-CH-BT-CA_3,0,0.0025,0.0025,0.0,0.0,0.0,0.0025,0.0,0.0025
CS-CH-BT-CA_3,24,0.023703255,1.103646667,0.0,0.0,0.0,0.007515666,0.0,0.001734384
CS-CH-BU-BV_1,0,0.0,0.0,0.0025,0.0,0.0025,0.0025,0.0,0.0025
CS-CH-BU-BV_1,12,0.0,0.0,0.861185506,0.0,0.177392573,0.011987857,0.0,0.130134083
CS-CH-BU-BV_1,24,0.0,0.0,0.778394801,0.0,0.287407311,0.016354334,0.0,0.105543543
CS-CH-BU-BV_2,0,0.0,0.0,0.0025,0.0,0.0025,0.0025,0.0,0.0025
CS-CH-BU-BV_2,12,0.0,0.0,0.875074249,0.0,0.182467605,0.012386563,0.0,0.121471589
CS-CH-BU-BV_2,24,0.0,0.0,0.711679668,0.0,0.38630056,0.014219653,0.0,0.089500166
CS-CH-BU-BV_3,0,0.0,0.0,0.0025,0.0,0.0025,0.0025,0.0,0.0025
CS-CH-BU-BV_3,12,0.0,0.0,0.912574862,0.0,0.144631547,0.011921906,0.0,0.10957173
CS-CH-BU-BV_3,24,0.0,0.0,0.778950423,0.0,0.303303563,0.014241542,0.0,0.084004457
CS-CH-BV-CA_1,0,0.0025,0.0,0.0,0.0,0.0025,0.0025,0.0,0.0025
CS-CH-BV-CA_1,12,0.068449886,0.0,0.0,0.0,0.843885781,0.02635856,0.0,0.303205814
CS-CH-BV-CA_1,24,0.107529378,0.0,0.0,0.0,1.022812601,0.013500594,0.0,0.105057439
CS-CH-BV-CA_2,0,0.0025,0.0,0.0,0.0,0.0025,0.0025,0.0,0.0025
CS-CH-BV-CA_2,12,0.073428521,0.0,0.0,0.0,0.858771285,0.026023372,0.0,0.289376856
CS-CH-BV-CA_2,24,0.112893947,0.0,0.0,0.0,0.998093538,0.018507204,0.0,0.120605283
CS-CH-BV-CA_3,0,0.0025,0.0,0.0,0.0,0.0025,0.0025,0.0,0.0025
CS-CH-BV-CA_3,12,0.082633809,0.0,0.0,0.0,0.826439484,0.025043621,0.0,0.297583104
CS-CH-BV-CA_3,24,0.099581787,0.0,0.0,0.0,1.016931526,0.014483453,0.0,0.115803255
CS-CH-DP-BT-BU-BV-CA_1,0,0.001428571,0.001428571,0.001428571,0.0,0.001428571,0.001428571,0.001428571,0.001428571
CS-CH-DP-BT-BU-BV-CA_1,12,0.010983177,0.766696615,0.335872639,0.0,0.025155018,0.004605848,0.011337473,0.02054917
CS-CH-DP-BT-BU-BV-CA_1,24,0.019013244,0.763471015,0.276269781,0.0,0.031408618,0.005042186,0.013550875,0.067544285
CS-CH-DP-BT-BU-BV-CA_2,0,0.001428571,0.001428571,0.001428571,0.0,0.001428571,0.001428571,0.001428571,0.001428571
CS-CH-DP-BT-BU-BV-CA_2,12,0.012864909,0.755586901,0.329776537,0.0,0.017938394,0.003261526,0.01503926,0.017032415
CS-CH-DP-BT-BU-BV-CA_2,24,0.02765742,0.749922076,0.283044519,0.0,0.02765742,0.005074756,0.014589924,0.063053844
CS-CH-DP-BT-BU-BV-CA_3,0,0.001428571,0.001428571,0.001428571,0.0,0.001428571,0.001428571,0.001428571,0.001428571
CS-CH-DP-BT-BU-BV-CA_3,12,0.015668217,0.793574026,0.291344146,0.0,0.02540792,0.002540792,0.012280495,0.024984454
CS-CH-DP-BT-BU-BV-CA_3,24,0.032883313,0.756535431,0.274466056,0.0,0.030252648,0.002411443,0.012934103,0.057216965
CS-CH-DP-BT-BU-CA_1,0,0.001666667,0.001666667,0.001666667,0.0,0.0,0.001666667,0.001666667,0.001666667
CS-CH-DP-BT-BU-CA_1,12,0.009657951,0.854785512,0.275535673,0.0,0.0,0.002272459,0.006703755,0.007044623
CS-CH-DP-BT-BU-CA_1,24,0.040147452,0.829123599,0.250626372,0.0,0.0,0.004624829,0.007872049,0.018105714
CS-CH-DP-BT-BU-CA_2,0,0.001666667,0.001666667,0.001666667,0.0,0.0,0.001666667,0.001666667,0.001666667
CS-CH-DP-BT-BU-CA_2,12,0.011307743,0.86459769,0.269734151,0.0,0.0,0.002922226,0.009147837,0.005590345
CS-CH-DP-BT-BU-CA_2,24,0.049269309,0.81690366,0.247066556,0.0,0.0,0.005040075,0.008228695,0.021291747
CS-CH-DP-BT-BU-CA_3,0,0.001666667,0.001666667,0.001666667,0.0,0.0,0.001666667,0.001666667,0.001666667
CS-CH-DP-BT-BU-CA_3,12,0.010573793,0.847585668,0.272395337,0.0,0.0,0.002162821,0.01033348,0.006848934
CS-CH-DP-BT-BU-CA_3,24,0.041685839,0.825624825,0.235892807,0.0,0.0,0.003678162,0.007601535,0.019616865
CS-CH-DP-BT-BU_1,0,0.0,0.002,0.002,0.0,0.0,0.002,0.002,0.002
CS-CH-DP-BT-BU_1,12,0.0,0.882325852,0.281341372,0.0,0.0,0.003779777,0.007811538,0.008441501
CS-CH-DP-BT-BU_1,24,0.0,0.853552434,0.275127462,0.0,0.0,0.00417334,0.008346681,0.031300053
CS-CH-DP-BT-BU_2,0,0.0,0.002,0.002,0.0,0.0,0.002,0.002,0.002
CS-CH-DP-BT-BU_2,12,0.0,0.898553883,0.256373235,0.0,0.0,0.000623779,0.008421019,0.011228025
CS-CH-DP-BT-BU_2,24,0.0,0.84011114,0.264879426,0.0,0.0,0.00388414,0.010610335,0.044714982
CS-CH-DP-BT-BU_3,0,0.0,0.002,0.002,0.0,0.0,0.002,0.002,0.002
CS-CH-DP-BT-BU_3,12,0.0,0.862959572,0.280409546,0.0,0.0,0.002736488,0.006921705,0.012072742
CS-CH-DP-BT-BU_3,24,0.0,0.836223418,0.262759564,0.0,0.0,0.00365204,0.01011334,0.041951634
CS-CH-DP-BU-BV-CA_1,0,0.001666667,0.0,0.001666667,0.0,0.001666667,0.001666667,0.001666667,0.001666667
CS-CH-DP-BU-BV-CA_1,12,0.030018555,0.0,0.716575336,0.0,0.243181675,0.007949164,0.022173985,0.031901252
CS-CH-DP-BU-BV-CA_1,24,0.051721637,0.0,0.508412686,0.0,0.451696652,0.007787873,0.015660397,0.031320795
CS-CH-DP-BU-BV-CA_2,0,0.001666667,0.0,0.001666667,0.0,0.001666667,0.001666667,0.001666667,0.001666667
CS-CH-DP-BU-BV-CA_2,12,0.032721249,0.0,0.689071015,0.0,0.286150533,0.007912982,0.019461658,0.030582606
CS-CH-DP-BU-BV-CA_2,24,0.075811004,0.0,0.601480704,0.0,0.351514697,0.008812904,0.017826101,0.037254549
CS-CH-DP-BU-BV-CA_3,0,0.001666667,0.0,0.001666667,0.0,0.001666667,0.001666667,0.001666667,0.001666667
CS-CH-DP-BU-BV-CA_3,12,0.053163794,0.0,0.769966232,0.0,0.202658566,0.007724654,0.023173962,0.042712792
CS-CH-DP-BU-BV-CA_3,24,0.096273696,0.0,0.544634051,0.0,0.406129372,0.00679579,0.016342258,0.029124816
CS-CH-DP-BU-BV_1,0,0.0,0.0,0.002,0.0,0.002,0.002,0.002,0.002
CS-CH-DP-BU-BV_1,12,0.0,0.0,0.787570213,0.0,0.246146398,0.008516043,0.016704546,0.043562836
CS-CH-DP-BU-BV_1,24,0.0,0.0,0.43876959,0.0,0.604122189,0.004400016,0.010472038,0.037136135
CS-CH-DP-BU-BV_2,0,0.0,0.0,0.002,0.0,0.002,0.002,0.002,0.002
CS-CH-DP-BU-BV_2,12,0.0,0.0,0.821483403,0.0,0.219636454,0.007536545,0.012919791,0.037323842
CS-CH-DP-BU-BV_2,24,0.0,0.0,0.556035508,0.0,0.474552855,0.005807619,0.01645492,0.044349089
CS-CH-DP-BU-BV_3,0,0.0,0.0,0.002,0.0,0.002,0.002,0.002,0.002
CS-CH-DP-BU-BV_3,12,0.0,0.0,0.843111155,0.0,0.187490163,0.005549392,0.018233716,0.053115606
CS-CH-DP-BU-BV_3,24,0.0,0.0,0.594743319,0.0,0.440822073,0.006581667,0.015407083,0.055345832
CS-CH-DP-BU_1,0,0.0,0.0,0.0025,0.0,0.0,0.0025,0.0025,0.0025
CS-CH-DP-BU_1,12,0.0,0.0,0.98778765,0.0,0.0,0.008567621,0.027106181,0.036338532
CS-CH-DP-BU_1,24,0.0,0.0,0.89994285,0.0,0.0,0.011166328,0.028442534,0.077848269
CS-CH-DP-BU_2,0,0.0,0.0,0.0025,0.0,0.0,0.0025,0.0025,0.0025
CS-CH-DP-BU_2,12,0.0,0.0,1.022173588,0.0,0.0,0.007451021,0.032252275,0.03342315
CS-CH-DP-BU_2,24,0.0,0.0,0.92187207,0.0,0.0,0.010252977,0.032052997,0.060621973
CS-CH-DP-BU_3,0,0.0,0.0,0.0025,0.0,0.0,0.0025,0.0025,0.0025
CS-CH-DP-BU_3,24,0.0,0.0,0.924930545,0.0,0.0,0.010360061,0.024523183,0.068586229
CS-CH-DP-CA_1,0,0.0025,0.0,0.0,0.0,0.0,0.0025,0.0025,0.0025
CS-CH-DP-CA_1,12,0.273872649,0.0,0.0,0.0,0.0,0.029568903,0.234314923,0.050043505
CS-CH-DP-CA_2,0,0.0025,0.0,0.0,0.0,0.0,0.0025,0.0025,0.0025
CS-CH-DP-CA_2,24,0.389091296,0.0,0.0,0.0,0.0,0.022178747,0.227023435,0.089406531
CS-CH-DP-CA_3,0,0.0025,0.0,0.0,0.0,0.0,0.0025,0.0025,0.0025
CS-CH-DP-CA_3,12,0.272601262,0.0,0.0,0.0,0.0,0.030847292,0.213672028,0.04817942
CS-DP-BT-BU-BV-CA_1,0,0.001666667,0.001666667,0.001666667,0.0,0.001666667,0.001666667,0.001666667,0.0
CS-DP-BT-BU-BV-CA_1,12,0.00814057,0.640649919,0.441658214,0.0,0.032303848,0.003876462,0.011370955,0.0
CS-DP-BT-BU-BV-CA_1,24,0.013918144,0.668940773,0.415456584,0.0,0.026792426,0.006089188,0.008002933,0.0
CS-DP-BT-BU-BV-CA_2,0,0.001666667,0.001666667,0.001666667,0.0,0.001666667,0.001666667,0.001666667,0.0
CS-DP-BT-BU-BV-CA_2,12,0.007866735,0.666632945,0.423492564,0.0,0.028844695,0.001456803,0.009906259,0.0
CS-DP-BT-BU-BV-CA_2,24,0.01554942,0.678329655,0.420496012,0.0,0.030216603,0.00529342,0.009814882,0.0
CS-DP-BT-BU-BV-CA_3,0,0.001666667,0.001666667,0.001666667,0.0,0.001666667,0.001666667,0.001666667,0.0
CS-DP-BT-BU-BV-CA_3,12,0.005016487,0.655851102,0.432290284,0.0,0.024864325,0.00348973,0.008288108,0.0
CS-DP-BT-BU-BV-CA_3,24,0.012454035,0.671444248,0.410016882,0.0,0.031457174,0.004831307,0.008696352,0.0
CS-DP-BT-BU-BV_1,0,0.0,0.002,0.002,0.0,0.002,0.002,0.002,0.0
CS-DP-BT-BU-BV_1,24,0.0,0.856908974,0.243096616,0.0,0.035897003,0.005015022,0.008182405,0.0
CS-DP-BT-BU-BV_2,0,0.0,0.002,0.002,0.0,0.002,0.002,0.002,0.0
CS-DP-BT-BU-BV_2,12,0.0,0.873649638,0.236533963,0.0,0.064856087,0.003815064,0.011445192,0.0
CS-DP-BT-BU-BV_2,24,0.0,0.831855123,0.268494217,0.0,0.048957409,0.005611164,0.01108205,0.0
CS-DP-BT-BU-BV_3,0,0.0,0.002,0.002,0.0,0.002,0.002,0.002,0.0
CS-DP-BT-BU-BV_3,12,0.0,0.834791381,0.228323503,0.0,0.093046646,0.00385504,0.006483476,0.0
CS-DP-BT-BU-BV_3,24,0.0,0.823255806,0.263304649,0.0,0.043495348,0.004253488,0.010290698,0.0
CS-DP-BT-BU_1,0,0.0,0.0025,0.0025,0.0,0.0,0.0025,0.0025,0.0
CS-DP-BT-BU_1,12,0.0,0.868537034,0.266482954,0.0,0.0,0.005349952,0.011530069,0.0
CS-DP-BT-BU_1,24,0.0,0.870310417,0.272047658,0.0,0.0,0.006052228,0.010389658,0.0
CS-DP-BT-BU_2,0,0.0,0.0025,0.0025,0.0,0.0,0.0025,0.0025,0.0
CS-DP-BT-BU_2,12,0.0,0.8889767,0.252573832,0.0,0.0,0.00369733,0.010052115,0.0
CS-DP-BT-BU_2,24,0.0,0.895202845,0.249694788,0.0,0.0,0.006947843,0.01015454,0.0
CS-DP-BT-BU_3,0,0.0,0.0025,0.0025,0.0,0.0,0.0025,0.0025,0.0
CS-DP-BT-BU_3,12,0.0,0.883043282,0.257527398,0.0,0.0,0.005255661,0.009773686,0.0
CS-DP-BT-BU_3,24,0.0,0.889524789,0.249827334,0.0,0.0,0.004611851,0.010236059,0.0
CS-DP-BT-BV-CA_1,0,0.002,0.002,0.0,0.0,0.002,0.002,0.002,0.0
CS-DP-BT-BV-CA_1,12,0.007218865,1.111873026,0.0,0.0,0.073195929,0.002686089,0.008226148,0.0
CS-DP-BT-BV-CA_1,24,0.010049783,1.046684893,0.0,0.0,0.038289673,0.005627878,0.009647792,0.0
CS-DP-BT-BV-CA_2,0,0.002,0.002,0.0,0.0,0.002,0.002,0.002,0.0
CS-DP-BT-BV-CA_2,12,0.005572436,1.106128615,0.0,0.0,0.060182313,0.002507596,0.010309007,0.0
CS-DP-BT-BV-CA_2,24,0.012551537,1.085349369,0.0,0.0,0.043123496,0.005020615,0.011654999,0.0
CS-DP-BT-BV-CA_3,0,0.002,0.002,0.0,0.0,0.002,0.002,0.002,0.0
CS-DP-BT-BV-CA_3,12,0.008225595,1.08129186,0.0,0.0,0.05982251,0.003365016,0.010095048,0.0
CS-DP-BT-BV_1,0,0.0,0.0025,0.0,0.0,0.0025,0.0025,0.0025,0.0
CS-DP-BT-BV_1,12,0.0,1.073554295,0.0,0.0,0.056901143,0.004511344,0.011933232,0.0
CS-DP-BT-BV_1,24,0.0,1.068492863,0.0,0.0,0.053989386,0.007115756,0.013102027,0.0
CS-DP-BT-BV_2,0,0.0,0.0025,0.0,0.0,0.0025,0.0025,0.0025,0.0
CS-DP-BT-BV_2,12,0.0,1.085437907,0.0,0.0,0.046811338,0.006154077,0.010996629,0.0
CS-DP-BT-BV_2,24,0.0,1.049939417,0.0,0.0,0.06668505,0.006571548,0.01120395,0.0
CS-DP-BT-BV_3,0,0.0,0.0025,0.0,0.0,0.0025,0.0025,0.0025,0.0
CS-DP-BT-BV_3,24,0.0,1.05081013,0.0,0.0,0.06354163,0.007961843,0.014086337,0.0
CS-DP-BU-BV-CA_1,0,0.002,0.0,0.002,0.0,0.002,0.002,0.002,0.0
CS-DP-BU-BV-CA_1,12,0.050832055,0.0,0.512543759,0.0,0.462018846,0.0085232,0.022882103,0.0
CS-DP-BU-BV-CA_1,24,0.192927698,0.0,0.487814936,0.0,0.307035609,0.008749719,0.022272013,0.0
CS-DP-BU-BV-CA_2,0,0.002,0.0,0.002,0.0,0.002,0.002,0.002,0.0
CS-DP-BU-BV-CA_2,12,0.025167035,0.0,0.440679914,0.0,0.558810893,0.004879323,0.01746284,0.0
CS-DP-BU-BV-CA_2,24,0.138154183,0.0,0.383988474,0.0,0.449700562,0.008998548,0.019358222,0.0
CS-DP-BU-BV-CA_3,0,0.002,0.0,0.002,0.0,0.002,0.002,0.002,0.0
CS-DP-BU-BV-CA_3,12,0.020639138,0.0,0.387707178,0.0,0.609336804,0.004629339,0.01118757,0.0
CS-DP-BU-BV-CA_3,24,0.111518821,0.0,0.368366019,0.0,0.532971113,0.007605267,0.016038831,0.0
CS-DP-BU-CA_1,0,0.0025,0.0,0.0025,0.0,0.0,0.0025,0.0025,0.0
CS-DP-BU-CA_1,12,0.085725771,0.0,1.027433775,0.0,0.0,0.008189933,0.036250522,0.0
CS-DP-BU-CA_1,24,0.345938017,0.0,0.67251024,0.0,0.0,0.011066167,0.061585627,0.0
CS-DP-BU-CA_2,0,0.0025,0.0,0.0025,0.0,0.0,0.0025,0.0025,0.0
CS-DP-BU-CA_2,12,0.100113748,0.0,1.029278485,0.0,0.0,0.008527577,0.037180234,0.0
CS-DP-BU-CA_2,24,0.39633861,0.0,0.695934994,0.0,0.0,0.012180619,0.046145807,0.0
CS-DP-BU-CA_3,0,0.0025,0.0,0.0025,0.0,0.0,0.0025,0.0025,0.0
CS-DP-BU-CA_3,12,0.063434771,0.0,1.055992073,0.0,0.0,0.008662127,0.035610968,0.0
CS-DP-BU-CA_3,24,0.392314771,0.0,0.753954725,0.0,0.0,0.01014806,0.044282443,0.0
DP-BT-BU-BV-CA_1,0,0.002,0.002,0.002,0.0,0.002,0.0,0.002,0.0
DP-BT-BU-BV-CA_1,12,0.006823269,0.846843535,0.228453165,0.0,0.060145855,0.0,0.007834124,0.0
DP-BT-BU-BV-CA_1,24,0.013162335,0.828359259,0.250518288,0.0,0.035581697,0.0,0.008678463,0.0
DP-BT-BU-BV-CA_2,0,0.002,0.002,0.002,0.0,0.002,0.0,0.002,0.0
DP-BT-BU-BV-CA_2,12,0.007012734,0.845147573,0.245671912,0.0,0.042528839,0.0,0.007238951,0.0
DP-BT-BU-BV-CA_2,24,0.012917552,0.8321983,0.249368631,0.0,0.032422199,0.0,0.010693338,0.0
DP-BT-BU-BV-CA_3,0,0.002,0.002,0.002,0.0,0.002,0.0,0.002,0.0
DP-BT-BU-BV-CA_3,12,0.005785279,0.85661355,0.231705336,0.0,0.037359176,0.0,0.008236669,0.0
DP-BT-BU-BV-CA_3,24,0.011468028,0.850173429,0.238365663,0.0,0.03155632,0.0,0.010236562,0.0
DP-BT-BV-CA_1,0,0.0025,0.0025,0.0,0.0,0.0025,0.0,0.0025,0.0
DP-BT-BV-CA_1,12,0.004190165,1.062270349,0.0,0.0,0.081136834,0.0,0.006602684,0.0
DP-BT-BV-CA_1,24,0.010612413,1.070389895,0.0,0.0,0.061661777,0.0,0.007135933,0.0
DP-BT-BV-CA_2,0,0.0025,0.0025,0.0,0.0,0.0025,0.0,0.0025,0.0
DP-BT-BV-CA_2,12,0.005454127,1.038232033,0.0,0.0,0.102070091,0.0,0.005843708,0.0
DP-BT-BV-CA_2,24,0.009362113,1.081924225,0.0,0.0,0.050331361,0.0,0.010082276,0.0
DP-BT-BV-CA_3,0,0.0025,0.0025,0.0,0.0,0.0025,0.0,0.0025,0.0
DP-BT-BV-CA_3,12,0.006647948,1.039137563,0.0,0.0,0.104309467,0.0,0.01060506,0.0
DP-BT-BV-CA_3,24,0.013677972,1.072728011,0.0,0.0,0.054491274,0.0,0.011802766,0.0
