Param name,Param value,Param stdv,Param p-value,CD,CA,EL,DP,BU,PV,CDEVO,CD*CD,CD*CA,CD*EL,CD*DP,CD*BU,CD*PV,CD*CDEVO,CA*CD,CA*CA,CA*EL,CA*DP,CA*BU,CA*PV,CA*CDEVO,EL*CD,EL*CA,EL*EL,EL*DP,EL*BU,EL*PV,EL*CDEVO,DP*CD,DP*CA,DP*EL,DP*DP,DP*BU,DP*PV,DP*CDEVO,BU*CD,BU*CA,BU*EL,BU*DP,BU*BU,BU*PV,BU*CDEVO,PV*CD,PV*CA,PV*EL,PV*DP,PV*BU,PV*PV,PV*CDEVO,CDEVO*CD,CDEVO*CA,CDEVO*EL,CDEVO*DP,CDEVO*BU,CDEVO*PV,CDEVO*CDEVO
CD,1.677678068752766,0.45716217,0.00024277285877166924,0.20899725,-0.00021080924,0.00030923117,0.00039668015,0.0073133283,0.0041708774,-7.00359e-05,-0.7700583,-0.031911556,0.96549654,-0.5856662,0.06779291,0.20582446,0.0,-0.0009809652,0.0005709347,0.0,0.0,0.0,0.0,0.0,0.000556748,0.0,-0.0016709205,0.0,0.0,0.0,0.0,0.00048831705,0.0,0.0,-0.002224609,0.0,0.0,0.0,-0.019369608,0.0,0.0,0.0,-0.018943533,0.0,0.0,-0.0072640306,0.0,0.0,0.0,0.0,-0.0051568393,-0.0074530067,0.0,0.0,0.0,0.0,0.0,2.709583e-05,0.00031555834
CA,-1.1495366639146434,0.13658492,3.8863482015584344e-17,-0.00021080924,0.018655442,-3.1456955e-07,-3.9682155e-07,-7.36457e-06,-4.1364965e-06,6.991656e-08,0.0007804408,-0.00032892093,-0.0009883948,0.0005857483,-7.5113545e-05,-0.00021136332,0.0,-0.02278864,-0.08567669,0.0,0.0,0.0,0.0,0.0,-5.659321e-07,0.0,1.699924e-06,0.0,0.0,0.0,0.0,-4.877281e-07,0.0,0.0,2.2254383e-06,0.0,0.0,0.0,1.9841877e-05,0.0,0.0,0.0,1.9063984e-05,0.0,0.0,7.2980592e-06,0.0,0.0,0.0,0.0,5.0935932e-06,7.4604704e-06,0.0,0.0,0.0,0.0,0.0,-2.7046747e-08,-3.1502782e-07
EL,0.12214238525244944,0.0401878,0.002371362415644892,0.00030923117,-3.1456955e-07,0.0016150591,3.828518e-07,1.00715915e-05,1.8084904e-06,-5.873024e-08,-0.0013687563,-2.213434e-05,-0.0014501096,-0.0005573365,0.00051702774,0.00053690455,0.0,-1.4854018e-06,8.988161e-07,0.0,0.0,0.0,0.0,0.0,-0.0011731334,0.0,-0.0097039705,0.0,0.0,0.0,0.0,4.2396152e-07,0.0,0.0,-2.149168e-06,0.0,0.0,0.0,-4.7503705e-05,0.0,0.0,0.0,-2.5328956e-05,0.0,0.0,-8.960581e-06,0.0,0.0,0.0,0.0,-9.5267933e-07,-7.4917166e-06,0.0,0.0,0.0,0.0,0.0,2.2200776e-08,2.647983e-07
DP,0.1995594381721745,0.05749379,0.000518574728571704,0.00039668015,-3.9682155e-07,3.828518e-07,0.003305536,1.48098625e-05,1.3334112e-05,-1.8848934e-07,-0.0011769473,-9.169208e-05,0.00071679434,0.010551404,-0.00038842933,0.00010231614,0.0,-1.8197172e-06,1.0165429e-06,0.0,0.0,0.0,0.0,0.0,7.2179193e-07,0.0,-2.0564391e-06,0.0,0.0,0.0,0.0,-0.0029291306,0.0,0.0,-0.021032192,0.0,0.0,0.0,-1.3378797e-05,0.0,0.0,0.0,-3.930357e-05,0.0,0.0,-1.600913e-05,0.0,0.0,0.0,0.0,-1.8077124e-05,-1.8532173e-05,0.0,0.0,0.0,0.0,0.0,7.3298466e-08,8.494628e-07
BU,2.4321862412979245,1.2668896,0.054882005831271514,0.0073133283,-7.36457e-06,1.00715915e-05,1.48098625e-05,1.6050092,0.00016544362,-2.6332132e-06,-0.025899388,-0.0012311266,0.029681828,-0.021905003,-0.0064769946,0.0061418368,0.0,-3.4171426e-05,1.9731568e-05,0.0,0.0,0.0,0.0,0.0,1.823503e-05,0.0,-5.4369604e-05,0.0,0.0,0.0,0.0,1.844093e-05,0.0,0.0,-8.302598e-05,0.0,0.0,0.0,-3.482223,0.0,0.0,0.0,-4.4656568,0.0,0.0,-0.00026178928,0.0,0.0,0.0,0.0,-0.00021033955,-0.00027636692,0.0,0.0,0.0,0.0,0.0,1.0218005e-06,1.1865383e-05
PV,4.949852020458228,1.477698,0.0008089771804155158,0.0041708774,-4.1364965e-06,1.8084904e-06,1.3334112e-05,0.00016544362,2.1835911,-0.024650095,-0.009282844,-0.0013021951,-0.004583764,-0.019889465,-0.009701729,-0.04969441,0.0,-1.867727e-05,9.960032e-06,0.0,0.0,0.0,0.0,0.0,3.960767e-06,0.0,-9.512376e-06,0.0,0.0,0.0,0.0,1.7664393e-05,0.0,0.0,-7.471847e-05,0.0,0.0,0.0,0.000114139715,0.0,0.0,0.0,-0.00044860475,0.0,0.0,-2.7771683,0.0,0.0,0.0,0.0,-3.2432756,-2.0965698,0.0,0.0,0.0,0.0,0.0,0.009756278,0.110997275
CDEVO,-0.2516642606367896,0.12572148,0.045310531073591696,-7.00359e-05,6.991656e-08,-5.873024e-08,-1.8848934e-07,-2.6332132e-06,-0.024650095,0.015805893,0.00019541758,1.7541674e-05,-7.804335e-05,0.00028070153,9.106406e-05,0.00053859066,0.0,3.1944938e-07,-1.7654888e-07,0.0,0.0,0.0,0.0,0.0,-1.1294539e-07,0.0,3.146936e-07,0.0,0.0,0.0,0.0,-2.4515893e-07,0.0,0.0,1.0563568e-06,0.0,0.0,0.0,1.2980079e-06,0.0,0.0,0.0,7.0227447e-06,0.0,0.0,0.032095317,0.0,0.0,0.0,0.0,0.035814356,0.036640905,0.0,0.0,0.0,0.0,0.0,-0.01111412,-0.07088403
CD*CD,-6.72204402033953,1.7768519,0.00015487466807543213,-0.7700583,0.0007804408,-0.0013687563,-0.0011769473,-0.025899388,-0.009282844,0.00019541758,3.1572027,0.082600676,-4.811349,1.7266945,-0.8309395,-1.0824274,0.0,0.003661801,-0.0021790408,0.0,0.0,0.0,0.0,0.0,-0.002427479,0.0,0.007409579,0.0,0.0,0.0,0.0,-0.0013828268,0.0,0.0,0.006603357,0.0,0.0,0.0,0.09764435,0.0,0.0,0.0,0.06602731,0.0,0.0,0.024271373,0.0,0.0,0.0,0.0,0.009687552,0.022529949,0.0,0.0,0.0,0.0,0.0,-7.489003e-05,-0.0008807169
CD*CA,-0.47402679585433316,1.4193575,0.7384000920236211,-0.031911556,-0.00032892093,-2.213434e-05,-9.169208e-05,-0.0012311266,-0.0013021951,1.7541674e-05,0.082600676,2.0145757,-0.010309175,0.13657568,0.053194765,0.004006973,0.0,-0.001540329,0.000910226,0.0,0.0,0.0,0.0,0.0,-4.3884203e-05,0.0,0.00011812142,0.0,0.0,0.0,0.0,-0.00012009122,0.0,0.0,0.00051389216,0.0,0.0,0.0,8.4345076e-05,0.0,0.0,0.0,0.0033047758,0.0,0.0,0.0013817529,0.0,0.0,0.0,0.0,0.0018057144,0.0016771592,0.0,0.0,0.0,0.0,0.0,-6.8645118e-06,-7.901164e-05
CD*EL,11.648418354548888,3.5925481,0.0011853444936145705,0.96549654,-0.0009883948,-0.0014501096,0.00071679434,0.029681828,-0.004583764,-7.804335e-05,-4.811349,-0.010309175,12.906403,-1.0152795,2.5912223,2.221106,0.0,-0.0047175204,0.002933124,0.0,0.0,0.0,0.0,0.0,-0.0004760982,0.0,0.0074764015,0.0,0.0,0.0,0.0,0.0006236492,0.0,0.0,-0.0040314263,0.0,0.0,0.0,-0.19248094,0.0,0.0,0.0,-0.072732136,0.0,0.0,-0.023784814,0.0,0.0,0.0,0.0,0.012683027,-0.0151022,0.0,0.0,0.0,0.0,0.0,2.741575e-05,0.00035253927
CD*DP,-4.074308823070524,2.2337453,0.06815496026263299,-0.5856662,0.0005857483,-0.0005573365,0.010551404,-0.021905003,-0.019889465,0.00028070153,1.7266945,0.13657568,-1.0152795,4.989618,0.5934166,-0.13994609,0.0,0.0026850353,-0.0014982597,0.0,0.0,0.0,0.0,0.0,-0.0010531966,0.0,0.0029933231,0.0,0.0,0.0,0.0,0.014729682,0.0,0.0,-0.059095267,0.0,0.0,0.0,0.018858481,0.0,0.0,0.0,0.058167785,0.0,0.0,0.023715872,0.0,0.0,0.0,0.0,0.027005134,0.027532242,0.0,0.0,0.0,0.0,0.0,-0.00010963757,-0.0012643472
CD*BU,2.712998347691649,1.6487776,0.09987489112625345,0.06779291,-7.5113545e-05,0.00051702774,-0.00038842933,-0.0064769946,-0.009701729,9.106406e-05,-0.8309395,0.053194765,2.5912223,0.5934166,2.7184677,0.6554843,0.0,-0.0004043063,0.00032219428,0.0,0.0,0.0,0.0,0.0,0.0008638958,0.0,-0.0028183528,0.0,0.0,0.0,0.0,-0.00059809943,0.0,0.0,0.0021729595,0.0,0.0,0.0,0.38709337,0.0,0.0,0.0,0.019938348,0.0,0.0,0.0021734303,0.0,0.0,0.0,0.0,0.015246236,0.0065406146,0.0,0.0,0.0,0.0,0.0,-3.6515128e-05,-0.00040988356
CD*PV,2.6542260461357774,0.92020005,0.003921589021167678,0.20582446,-0.00021136332,0.00053690455,0.00010231614,0.0061418368,-0.04969441,0.00053859066,-1.0824274,0.004006973,2.221106,-0.13994609,0.6554843,0.8467681,0.0,-0.0010140884,0.0006386598,0.0,0.0,0.0,0.0,0.0,0.0009293136,0.0,-0.0029148767,0.0,0.0,0.0,0.0,5.9090202e-05,0.0,0.0,-0.0005767909,0.0,0.0,0.0,-0.045693994,0.0,0.0,0.0,-0.014836034,0.0,0.0,0.16856313,0.0,0.0,0.0,0.0,0.074824415,0.04435097,0.0,0.0,0.0,0.0,0.0,-0.0002137305,-0.002425049
CD*CDEVO,-0.1,1.0005,0.9203839980878821,0.0,0.0,0.0,0.0,0.0,0.0,0.0,0.0,0.0,0.0,0.0,0.0,0.0,1.0010002,0.0,0.0,0.0,0.0,0.0,0.0,0.0,0.0,0.0,0.0,0.0,0.0,0.0,0.0,0.0,0.0,0.0,0.0,0.0,0.0,0.0,0.0,0.0,0.0,0.0,0.0,0.0,0.0,0.0,0.0,0.0,0.0,0.0,0.0,0.0,0.0,0.0,0.0,0.0,0.0,0.0,0.0
CA*CD,0.23755352021464637,0.6218651,0.7024601069559383,-0.0009809652,-0.02278864,-1.4854018e-06,-1.8197172e-06,-3.4171426e-05,-1.867727e-05,3.1944938e-07,0.003661801,-0.001540329,-0.0047175204,0.0026850353,-0.0004043063,-0.0010140884,0.0,0.38671622,0.060643,0.0,0.0,0.0,0.0,0.0,-2.6689265e-06,0.0,8.028416e-06,0.0,0.0,0.0,0.0,-2.2302984e-06,0.0,0.0,1.020552e-05,0.0,0.0,0.0,9.4808274e-05,0.0,0.0,0.0,8.8356464e-05,0.0,0.0,3.3726905e-05,0.0,0.0,0.0,0.0,2.282781e-05,3.4251807e-05,0.0,0.0,0.0,0.0,0.0,-1.2336042e-07,-1.4393237e-06
CA*CA,-1.232207860011483,0.9541431,0.19655503941513308,0.0005709347,-0.08567669,8.988161e-07,1.0165429e-06,1.9731568e-05,9.960032e-06,-1.7654888e-07,-0.0021790408,0.000910226,0.002933124,-0.0014982597,0.00032219428,0.0006386598,0.0,0.060643,0.91038907,0.0,0.0,0.0,0.0,0.0,1.6095804e-06,0.0,-4.8599695e-06,0.0,0.0,0.0,0.0,1.2358287e-06,0.0,0.0,-5.701546e-06,0.0,0.0,0.0,-5.9107646e-05,0.0,0.0,0.0,-5.086047e-05,0.0,0.0,-1.925595e-05,0.0,0.0,0.0,0.0,-1.1892834e-05,-1.9197505e-05,0.0,0.0,0.0,0.0,0.0,6.813356e-08,7.955534e-07
CA*EL,-0.1,1.0005,0.9203839980878821,0.0,0.0,0.0,0.0,0.0,0.0,0.0,0.0,0.0,0.0,0.0,0.0,0.0,0.0,0.0,0.0,1.0010002,0.0,0.0,0.0,0.0,0.0,0.0,0.0,0.0,0.0,0.0,0.0,0.0,0.0,0.0,0.0,0.0,0.0,0.0,0.0,0.0,0.0,0.0,0.0,0.0,0.0,0.0,0.0,0.0,0.0,0.0,0.0,0.0,0.0,0.0,0.0,0.0,0.0,0.0,0.0
CA*DP,-0.1,1.0005,0.9203839980878821,0.0,0.0,0.0,0.0,0.0,0.0,0.0,0.0,0.0,0.0,0.0,0.0,0.0,0.0,0.0,0.0,0.0,1.0010002,0.0,0.0,0.0,0.0,0.0,0.0,0.0,0.0,0.0,0.0,0.0,0.0,0.0,0.0,0.0,0.0,0.0,0.0,0.0,0.0,0.0,0.0,0.0,0.0,0.0,0.0,0.0,0.0,0.0,0.0,0.0,0.0,0.0,0.0,0.0,0.0,0.0,0.0
CA*BU,-0.1,1.0005,0.9203839980878821,0.0,0.0,0.0,0.0,0.0,0.0,0.0,0.0,0.0,0.0,0.0,0.0,0.0,0.0,0.0,0.0,0.0,0.0,1.0010002,0.0,0.0,0.0,0.0,0.0,0.0,0.0,0.0,0.0,0.0,0.0,0.0,0.0,0.0,0.0,0.0,0.0,0.0,0.0,0.0,0.0,0.0,0.0,0.0,0.0,0.0,0.0,0.0,0.0,0.0,0.0,0.0,0.0,0.0,0.0,0.0,0.0
CA*PV,-0.1,1.0005,0.9203839980878821,0.0,0.0,0.0,0.0,0.0,0.0,0.0,0.0,0.0,0.0,0.0,0.0,0.0,0.0,0.0,0.0,0.0,0.0,0.0,1.0010002,0.0,0.0,0.0,0.0,0.0,0.0,0.0,0.0,0.0,0.0,0.0,0.0,0.0,0.0,0.0,0.0,0.0,0.0,0.0,0.0,0.0,0.0,0.0,0.0,0.0,0.0,0.0,0.0,0.0,0.0,0.0,0.0,0.0,0.0,0.0,0.0
CA*CDEVO,-0.1,1.0005,0.9203839980878821,0.0,0.0,0.0,0.0,0.0,0.0,0.0,0.0,0.0,0.0,0.0,0.0,0.0,0.0,0.0,0.0,0.0,0.0,0.0,0.0,1.0010002,0.0,0.0,0.0,0.0,0.0,0.0,0.0,0.0,0.0,0.0,0.0,0.0,0.0,0.0,0.0,0.0,0.0,0.0,0.0,0.0,0.0,0.0,0.0,0.0,0.0,0.0,0.0,0.0,0.0,0.0,0.0,0.0,0.0,0.0,0.0
EL*CD,-0.0936976228765034,0.04369184,0.03199198087314106,0.000556748,-5.659321e-07,-0.0011731334,7.2179193e-07,1.823503e-05,3.960767e-06,-1.1294539e-07,-0.002427479,-4.3884203e-05,-0.0004760982,-0.0010531966,0.0008638958,0.0009293136,0.0,-2.6689265e-06,1.6095804e-06,0.0,0.0,0.0,0.0,0.0,0.0019089768,0.0,0.0064368774,0.0,0.0,0.0,0.0,8.110349e-07,0.0,0.0,-4.051294e-06,0.0,0.0,0.0,-8.245644e-05,0.0,0.0,0.0,-4.5985485e-05,0.0,0.0,-1.6425534e-05,0.0,0.0,0.0,0.0,-2.7950202e-06,-1.4059938e-05,0.0,0.0,0.0,0.0,0.0,4.2821544e-08,5.091613e-07
EL*CA,-0.1,1.0005,0.9203839980878821,0.0,0.0,0.0,0.0,0.0,0.0,0.0,0.0,0.0,0.0,0.0,0.0,0.0,0.0,0.0,0.0,0.0,0.0,0.0,0.0,0.0,0.0,1.0010002,0.0,0.0,0.0,0.0,0.0,0.0,0.0,0.0,0.0,0.0,0.0,0.0,0.0,0.0,0.0,0.0,0.0,0.0,0.0,0.0,0.0,0.0,0.0,0.0,0.0,0.0,0.0,0.0,0.0,0.0,0.0,0.0,0.0
EL*EL,-1.0783940503809601,0.2483529,1.4107314886133328e-05,-0.0016709205,1.699924e-06,-0.0097039705,-2.0564391e-06,-5.4369604e-05,-9.512376e-06,3.146936e-07,0.007409579,0.00011812142,0.0074764015,0.0029933231,-0.0028183528,-0.0029148767,0.0,8.028416e-06,-4.8599695e-06,0.0,0.0,0.0,0.0,0.0,0.0064368774,0.0,0.061679162,0.0,0.0,0.0,0.0,-2.2732136e-06,0.0,0.0,1.1544154e-05,0.0,0.0,0.0,0.00025778142,0.0,0.0,0.0,0.00013668352,0.0,0.0,4.831192e-05,0.0,0.0,0.0,0.0,4.749469e-06,4.027096e-05,0.0,0.0,0.0,0.0,0.0,-1.18918294e-07,-1.4188944e-06
EL*DP,-0.1,1.0005,0.9203839980878821,0.0,0.0,0.0,0.0,0.0,0.0,0.0,0.0,0.0,0.0,0.0,0.0,0.0,0.0,0.0,0.0,0.0,0.0,0.0,0.0,0.0,0.0,0.0,0.0,1.0010002,0.0,0.0,0.0,0.0,0.0,0.0,0.0,0.0,0.0,0.0,0.0,0.0,0.0,0.0,0.0,0.0,0.0,0.0,0.0,0.0,0.0,0.0,0.0,0.0,0.0,0.0,0.0,0.0,0.0,0.0,0.0
EL*BU,-0.1,1.0005,0.9203839980878821,0.0,0.0,0.0,0.0,0.0,0.0,0.0,0.0,0.0,0.0,0.0,0.0,0.0,0.0,0.0,0.0,0.0,0.0,0.0,0.0,0.0,0.0,0.0,0.0,0.0,1.0010002,0.0,0.0,0.0,0.0,0.0,0.0,0.0,0.0,0.0,0.0,0.0,0.0,0.0,0.0,0.0,0.0,0.0,0.0,0.0,0.0,0.0,0.0,0.0,0.0,0.0,0.0,0.0,0.0,0.0,0.0
EL*PV,-0.1,1.0005,0.9203839980878821,0.0,0.0,0.0,0.0,0.0,0.0,0.0,0.0,0.0,0.0,0.0,0.0,0.0,0.0,0.0,0.0,0.0,0.0,0.0,0.0,0.0,0.0,0.0,0.0,0.0,0.0,1.0010002,0.0,0.0,0.0,0.0,0.0,0.0,0.0,0.0,0.0,0.0,0.0,0.0,0.0,0.0,0.0,0.0,0.0,0.0,0.0,0.0,0.0,0.0,0.0,0.0,0.0,0.0,0.0,0.0,0.0
EL*CDEVO,-0.1,1.0005,0.9203839980878821,0.0,0.0,0.0,0.0,0.0,0.0,0.0,0.0,0.0,0.0,0.0,0.0,0.0,0.0,0.0,0.0,0.0,0.0,0.0,0.0,0.0,0.0,0.0,0.0,0.0,0.0,0.0,1.0010002,0.0,0.0,0.0,0.0,0.0,0.0,0.0,0.0,0.0,0.0,0.0,0.0,0.0,0.0,0.0,0.0,0.0,0.0,0.0,0.0,0.0,0.0,0.0,0.0,0.0,0.0,0.0,0.0
DP*CD,-0.127335435728779,0.10088313,0.2068741743922372,0.00048831705,-4.877281e-07,4.2396152e-07,-0.0029291306,1.844093e-05,1.7664393e-05,-2.4515893e-07,-0.0013828268,-0.00012009122,0.0006236492,0.014729682,-0.00059809943,5.9090202e-05,0.0,-2.2302984e-06,1.2358287e-06,0.0,0.0,0.0,0.0,0.0,8.110349e-07,0.0,-2.2732136e-06,0.0,0.0,0.0,0.0,0.0101774065,0.0,0.0,0.01639854,0.0,0.0,0.0,-1.1030184e-05,0.0,0.0,0.0,-4.9147693e-05,0.0,0.0,-2.0213072e-05,0.0,0.0,0.0,0.0,-2.4168854e-05,-2.3831815e-05,0.0,0.0,0.0,0.0,0.0,9.553299e-08,1.1049185e-06
DP*CA,-0.1,1.0005,0.9203839980878821,0.0,0.0,0.0,0.0,0.0,0.0,0.0,0.0,0.0,0.0,0.0,0.0,0.0,0.0,0.0,0.0,0.0,0.0,0.0,0.0,0.0,0.0,0.0,0.0,0.0,0.0,0.0,0.0,0.0,1.0010002,0.0,0.0,0.0,0.0,0.0,0.0,0.0,0.0,0.0,0.0,0.0,0.0,0.0,0.0,0.0,0.0,0.0,0.0,0.0,0.0,0.0,0.0,0.0,0.0,0.0,0.0
DP*EL,-0.1,1.0005,0.9203839980878821,0.0,0.0,0.0,0.0,0.0,0.0,0.0,0.0,0.0,0.0,0.0,0.0,0.0,0.0,0.0,0.0,0.0,0.0,0.0,0.0,0.0,0.0,0.0,0.0,0.0,0.0,0.0,0.0,0.0,0.0,1.0010002,0.0,0.0,0.0,0.0,0.0,0.0,0.0,0.0,0.0,0.0,0.0,0.0,0.0,0.0,0.0,0.0,0.0,0.0,0.0,0.0,0.0,0.0,0.0,0.0,0.0
DP*DP,-1.5700672092385666,0.37468156,2.7845790816831625e-05,-0.002224609,2.2254383e-06,-2.149168e-06,-0.021032192,-8.302598e-05,-7.471847e-05,1.0563568e-06,0.006603357,0.00051389216,-0.0040314263,-0.059095267,0.0021729595,-0.0005767909,0.0,1.020552e-05,-5.701546e-06,0.0,0.0,0.0,0.0,0.0,-4.051294e-06,0.0,1.1544154e-05,0.0,0.0,0.0,0.0,0.01639854,0.0,0.0,0.14038628,0.0,0.0,0.0,7.5228636e-05,0.0,0.0,0.0,0.00022032915,0.0,0.0,8.975321e-05,0.0,0.0,0.0,0.0,0.00010129725,0.00010388218,0.0,0.0,0.0,0.0,0.0,-4.1097672e-07,-4.7607264e-06
DP*BU,-0.1,1.0005,0.9203839980878821,0.0,0.0,0.0,0.0,0.0,0.0,0.0,0.0,0.0,0.0,0.0,0.0,0.0,0.0,0.0,0.0,0.0,0.0,0.0,0.0,0.0,0.0,0.0,0.0,0.0,0.0,0.0,0.0,0.0,0.0,0.0,0.0,1.0010002,0.0,0.0,0.0,0.0,0.0,0.0,0.0,0.0,0.0,0.0,0.0,0.0,0.0,0.0,0.0,0.0,0.0,0.0,0.0,0.0,0.0,0.0,0.0
DP*PV,-0.1,1.0005,0.9203839980878821,0.0,0.0,0.0,0.0,0.0,0.0,0.0,0.0,0.0,0.0,0.0,0.0,0.0,0.0,0.0,0.0,0.0,0.0,0.0,0.0,0.0,0.0,0.0,0.0,0.0,0.0,0.0,0.0,0.0,0.0,0.0,0.0,0.0,1.0010002,0.0,0.0,0.0,0.0,0.0,0.0,0.0,0.0,0.0,0.0,0.0,0.0,0.0,0.0,0.0,0.0,0.0,0.0,0.0,0.0,0.0,0.0
DP*CDEVO,-0.1,1.0005,0.9203839980878821,0.0,0.0,0.0,0.0,0.0,0.0,0.0,0.0,0.0,0.0,0.0,0.0,0.0,0.0,0.0,0.0,0.0,0.0,0.0,0.0,0.0,0.0,0.0,0.0,0.0,0.0,0.0,0.0,0.0,0.0,0.0,0.0,0.0,0.0,1.0010002,0.0,0.0,0.0,0.0,0.0,0.0,0.0,0.0,0.0,0.0,0.0,0.0,0.0,0.0,0.0,0.0,0.0,0.0,0.0,0.0,0.0
BU*CD,-5.417927008953286,2.841366,0.056546025416799456,-0.019369608,1.9841877e-05,-4.7503705e-05,-1.3378797e-05,-3.482223,0.000114139715,1.2980079e-06,0.09764435,8.4345076e-05,-0.19248094,0.018858481,0.38709337,-0.045693994,0.0,9.4808274e-05,-5.9107646e-05,0.0,0.0,0.0,0.0,0.0,-8.245644e-05,0.0,0.00025778142,0.0,0.0,0.0,0.0,-1.1030184e-05,0.0,0.0,7.5228636e-05,0.0,0.0,0.0,8.073361,0.0,0.0,0.0,9.626511,0.0,0.0,0.00046728086,0.0,0.0,0.0,0.0,-0.0002882271,0.00028449637,0.0,0.0,0.0,0.0,0.0,-4.4389034e-07,-5.8733795e-06
BU*CA,-0.1,1.0005,0.9203839980878821,0.0,0.0,0.0,0.0,0.0,0.0,0.0,0.0,0.0,0.0,0.0,0.0,0.0,0.0,0.0,0.0,0.0,0.0,0.0,0.0,0.0,0.0,0.0,0.0,0.0,0.0,0.0,0.0,0.0,0.0,0.0,0.0,0.0,0.0,0.0,0.0,1.0010002,0.0,0.0,0.0,0.0,0.0,0.0,0.0,0.0,0.0,0.0,0.0,0.0,0.0,0.0,0.0,0.0,0.0,0.0,0.0
BU*EL,-0.1,1.0005,0.9203839980878821,0.0,0.0,0.0,0.0,0.0,0.0,0.0,0.0,0.0,0.0,0.0,0.0,0.0,0.0,0.0,0.0,0.0,0.0,0.0,0.0,0.0,0.0,0.0,0.0,0.0,0.0,0.0,0.0,0.0,0.0,0.0,0.0,0.0,0.0,0.0,0.0,0.0,1.0010002,0.0,0.0,0.0,0.0,0.0,0.0,0.0,0.0,0.0,0.0,0.0,0.0,0.0,0.0,0.0,0.0,0.0,0.0
BU*DP,-0.1,1.0005,0.9203839980878821,0.0,0.0,0.0,0.0,0.0,0.0,0.0,0.0,0.0,0.0,0.0,0.0,0.0,0.0,0.0,0.0,0.0,0.0,0.0,0.0,0.0,0.0,0.0,0.0,0.0,0.0,0.0,0.0,0.0,0.0,0.0,0.0,0.0,0.0,0.0,0.0,0.0,0.0,1.0010002,0.0,0.0,0.0,0.0,0.0,0.0,0.0,0.0,0.0,0.0,0.0,0.0,0.0,0.0,0.0,0.0,0.0
BU*BU,-6.663739540111272,3.5447316,0.060121762778199174,-0.018943533,1.9063984e-05,-2.5328956e-05,-3.930357e-05,-4.4656568,-0.00044860475,7.0227447e-06,0.06602731,0.0033047758,-0.072732136,0.058167785,0.019938348,-0.014836034,0.0,8.8356464e-05,-5.086047e-05,0.0,0.0,0.0,0.0,0.0,-4.5985485e-05,0.0,0.00013668352,0.0,0.0,0.0,0.0,-4.9147693e-05,0.0,0.0,0.00022032915,0.0,0.0,0.0,9.626511,0.0,0.0,0.0,12.565123,0.0,0.0,0.00068624195,0.0,0.0,0.0,0.0,0.00057550817,0.0007320714,0.0,0.0,0.0,0.0,0.0,-2.7265476e-06,-3.1643416e-05
BU*PV,-0.1,1.0005,0.9203839980878821,0.0,0.0,0.0,0.0,0.0,0.0,0.0,0.0,0.0,0.0,0.0,0.0,0.0,0.0,0.0,0.0,0.0,0.0,0.0,0.0,0.0,0.0,0.0,0.0,0.0,0.0,0.0,0.0,0.0,0.0,0.0,0.0,0.0,0.0,0.0,0.0,0.0,0.0,0.0,0.0,1.0010002,0.0,0.0,0.0,0.0,0.0,0.0,0.0,0.0,0.0,0.0,0.0,0.0,0.0,0.0,0.0
BU*CDEVO,-0.1,1.0005,0.9203839980878821,0.0,0.0,0.0,0.0,0.0,0.0,0.0,0.0,0.0,0.0,0.0,0.0,0.0,0.0,0.0,0.0,0.0,0.0,0.0,0.0,0.0,0.0,0.0,0.0,0.0,0.0,0.0,0.0,0.0,0.0,0.0,0.0,0.0,0.0,0.0,0.0,0.0,0.0,0.0,0.0,0.0,1.0010002,0.0,0.0,0.0,0.0,0.0,0.0,0.0,0.0,0.0,0.0,0.0,0.0,0.0,0.0
PV*CD,-6.316666290783595,1.9444952,0.001160207391670691,-0.0072640306,7.2980592e-06,-8.960581e-06,-1.600913e-05,-0.00026178928,-2.7771683,0.032095317,0.024271373,0.0013817529,-0.023784814,0.023715872,0.0021734303,0.16856313,0.0,3.3726905e-05,-1.925595e-05,0.0,0.0,0.0,0.0,0.0,-1.6425534e-05,0.0,4.831192e-05,0.0,0.0,0.0,0.0,-2.0213072e-05,0.0,0.0,8.975321e-05,0.0,0.0,0.0,0.00046728086,0.0,0.0,0.0,0.00068624195,0.0,0.0,3.7810616,0.0,0.0,0.0,0.0,4.091253,2.7783237,0.0,0.0,0.0,0.0,0.0,-0.012682605,-0.14452861
PV*CA,-0.1,1.0005,0.9203839980878821,0.0,0.0,0.0,0.0,0.0,0.0,0.0,0.0,0.0,0.0,0.0,0.0,0.0,0.0,0.0,0.0,0.0,0.0,0.0,0.0,0.0,0.0,0.0,0.0,0.0,0.0,0.0,0.0,0.0,0.0,0.0,0.0,0.0,0.0,0.0,0.0,0.0,0.0,0.0,0.0,0.0,0.0,0.0,1.0010002,0.0,0.0,0.0,0.0,0.0,0.0,0.0,0.0,0.0,0.0,0.0,0.0
PV*EL,-0.1,1.0005,0.9203839980878821,0.0,0.0,0.0,0.0,0.0,0.0,0.0,0.0,0.0,0.0,0.0,0.0,0.0,0.0,0.0,0.0,0.0,0.0,0.0,0.0,0.0,0.0,0.0,0.0,0.0,0.0,0.0,0.0,0.0,0.0,0.0,0.0,0.0,0.0,0.0,0.0,0.0,0.0,0.0,0.0,0.0,0.0,0.0,0.0,1.0010002,0.0,0.0,0.0,0.0,0.0,0.0,0.0,0.0,0.0,0.0,0.0
PV*DP,-0.1,1.0005,0.9203839980878821,0.0,0.0,0.0,0.0,0.0,0.0,0.0,0.0,0.0,0.0,0.0,0.0,0.0,0.0,0.0,0.0,0.0,0.0,0.0,0.0,0.0,0.0,0.0,0.0,0.0,0.0,0.0,0.0,0.0,0.0,0.0,0.0,0.0,0.0,0.0,0.0,0.0,0.0,0.0,0.0,0.0,0.0,0.0,0.0,0.0,1.0010002,0.0,0.0,0.0,0.0,0.0,0.0,0.0,0.0,0.0,0.0
PV*BU,-0.1,1.0005,0.9203839980878821,0.0,0.0,0.0,0.0,0.0,0.0,0.0,0.0,0.0,0.0,0.0,0.0,0.0,0.0,0.0,0.0,0.0,0.0,0.0,0.0,0.0,0.0,0.0,0.0,0.0,0.0,0.0,0.0,0.0,0.0,0.0,0.0,0.0,0.0,0.0,0.0,0.0,0.0,0.0,0.0,0.0,0.0,0.0,0.0,0.0,0.0,1.0010002,0.0,0.0,0.0,0.0,0.0,0.0,0.0,0.0,0.0
PV*PV,-7.239466578438384,2.2030225,0.0010156621145622343,-0.0051568393,5.0935932e-06,-9.5267933e-07,-1.8077124e-05,-0.00021033955,-3.2432756,0.035814356,0.009687552,0.0018057144,0.012683027,0.027005134,0.015246236,0.074824415,0.0,2.282781e-05,-1.1892834e-05,0.0,0.0,0.0,0.0,0.0,-2.7950202e-06,0.0,4.749469e-06,0.0,0.0,0.0,0.0,-2.4168854e-05,0.0,0.0,0.00010129725,0.0,0.0,0.0,-0.0002882271,0.0,0.0,0.0,0.00057550817,0.0,0.0,4.091253,0.0,0.0,0.0,0.0,4.8533077,2.9941149,0.0,0.0,0.0,0.0,0.0,-0.014196853,-0.16126242
PV*CDEVO,-4.853679706708664,1.8145769,0.007476775782677878,-0.007453006,7.46047e-06,-7.4917166e-06,-1.8532173e-05,-0.00027636692,-2.0965698,0.036640905,0.022529947,0.0016771593,-0.0151022,0.027532242,0.006540614,0.04435097,0.0,3.4251807e-05,-1.9197505e-05,0.0,0.0,0.0,0.0,0.0,-1.4059938e-05,0.0,4.027096e-05,0.0,0.0,0.0,0.0,-2.3831815e-05,0.0,0.0,0.00010388218,0.0,0.0,0.0,0.00028449637,0.0,0.0,0.0,0.0007320714,0.0,0.0,2.7783237,0.0,0.0,0.0,0.0,2.9941149,3.292689,0.0,0.0,0.0,0.0,0.0,-0.02582877,-0.16510534
CDEVO*CD,-0.1,1.0005,0.9203839980878821,0.0,0.0,0.0,0.0,0.0,0.0,0.0,0.0,0.0,0.0,0.0,0.0,0.0,0.0,0.0,0.0,0.0,0.0,0.0,0.0,0.0,0.0,0.0,0.0,0.0,0.0,0.0,0.0,0.0,0.0,0.0,0.0,0.0,0.0,0.0,0.0,0.0,0.0,0.0,0.0,0.0,0.0,0.0,0.0,0.0,0.0,0.0,0.0,0.0,1.0010002,0.0,0.0,0.0,0.0,0.0,0.0
CDEVO*CA,-0.1,1.0005,0.9203839980878821,0.0,0.0,0.0,0.0,0.0,0.0,0.0,0.0,0.0,0.0,0.0,0.0,0.0,0.0,0.0,0.0,0.0,0.0,0.0,0.0,0.0,0.0,0.0,0.0,0.0,0.0,0.0,0.0,0.0,0.0,0.0,0.0,0.0,0.0,0.0,0.0,0.0,0.0,0.0,0.0,0.0,0.0,0.0,0.0,0.0,0.0,0.0,0.0,0.0,0.0,1.0010002,0.0,0.0,0.0,0.0,0.0
CDEVO*EL,-0.1,1.0005,0.9203839980878821,0.0,0.0,0.0,0.0,0.0,0.0,0.0,0.0,0.0,0.0,0.0,0.0,0.0,0.0,0.0,0.0,0.0,0.0,0.0,0.0,0.0,0.0,0.0,0.0,0.0,0.0,0.0,0.0,0.0,0.0,0.0,0.0,0.0,0.0,0.0,0.0,0.0,0.0,0.0,0.0,0.0,0.0,0.0,0.0,0.0,0.0,0.0,0.0,0.0,0.0,0.0,1.0010002,0.0,0.0,0.0,0.0
CDEVO*DP,-0.1,1.0005,0.9203839980878821,0.0,0.0,0.0,0.0,0.0,0.0,0.0,0.0,0.0,0.0,0.0,0.0,0.0,0.0,0.0,0.0,0.0,0.0,0.0,0.0,0.0,0.0,0.0,0.0,0.0,0.0,0.0,0.0,0.0,0.0,0.0,0.0,0.0,0.0,0.0,0.0,0.0,0.0,0.0,0.0,0.0,0.0,0.0,0.0,0.0,0.0,0.0,0.0,0.0,0.0,0.0,0.0,1.0010002,0.0,0.0,0.0
CDEVO*BU,-0.1,1.0005,0.9203839980878821,0.0,0.0,0.0,0.0,0.0,0.0,0.0,0.0,0.0,0.0,0.0,0.0,0.0,0.0,0.0,0.0,0.0,0.0,0.0,0.0,0.0,0.0,0.0,0.0,0.0,0.0,0.0,0.0,0.0,0.0,0.0,0.0,0.0,0.0,0.0,0.0,0.0,0.0,0.0,0.0,0.0,0.0,0.0,0.0,0.0,0.0,0.0,0.0,0.0,0.0,0.0,0.0,0.0,1.0010002,0.0,0.0
CDEVO*PV,0.2914869479823693,0.08985399,0.0011786091945376628,2.709583e-05,-2.7046747e-08,2.2200776e-08,7.329849e-08,1.0218005e-06,0.009756279,-0.01111412,-7.489003e-05,-6.8645118e-06,2.741575e-05,-0.00010963757,-3.6515128e-05,-0.0002137305,0.0,-1.2336042e-07,6.813356e-08,0.0,0.0,0.0,0.0,0.0,4.2821544e-08,0.0,-1.1891828e-07,0.0,0.0,0.0,0.0,9.553298e-08,0.0,0.0,-4.1097675e-07,0.0,0.0,0.0,-4.4389034e-07,0.0,0.0,0.0,-2.726547e-06,0.0,0.0,-0.012682605,0.0,0.0,0.0,0.0,-0.014196853,-0.02582877,0.0,0.0,0.0,0.0,0.0,0.008073739,0.049381338
CDEVO*CDEVO,1.1607324413670759,0.565478,0.040105853262411215,0.00031555834,-3.1502782e-07,2.647983e-07,8.494628e-07,1.1865383e-05,0.110997275,-0.07088403,-0.0008807169,-7.901164e-05,0.00035253927,-0.0012643472,-0.00040988356,-0.002425049,0.0,-1.4393237e-06,7.955534e-07,0.0,0.0,0.0,0.0,0.0,5.091613e-07,0.0,-1.4188944e-06,0.0,0.0,0.0,0.0,1.1049185e-06,0.0,0.0,-4.7607264e-06,0.0,0.0,0.0,-5.8733795e-06,0.0,0.0,0.0,-3.1643416e-05,0.0,0.0,-0.14452861,0.0,0.0,0.0,0.0,-0.16126242,-0.16510534,0.0,0.0,0.0,0.0,0.0,0.049381338,0.3197654
