Param name,Param value,Param stdv,Param p-value,CA,BT,BU,CD,BV,CS,DP,CH,CA*CA,CA*BT,CA*BU,CA*CD,CA*BV,CA*CS,CA*DP,CA*CH,BT*CA,BT*BT,BT*BU,BT*CD,BT*BV,BT*CS,BT*DP,BT*CH,BU*CA,BU*BT,BU*BU,BU*CD,BU*BV,BU*CS,BU*DP,BU*CH,CD*CA,CD*BT,CD*BU,CD*CD,CD*BV,CD*CS,CD*DP,CD*CH,BV*CA,BV*BT,BV*BU,BV*CD,BV*BV,BV*CS,BV*DP,BV*CH,CS*CA,CS*BT,CS*BU,CS*CD,CS*BV,CS*CS,CS*DP,CS*CH,DP*CA,DP*BT,DP*BU,DP*CD,DP*BV,DP*CS,DP*DP,DP*CH,CH*CA,CH*BT,CH*BU,CH*CD,CH*BV,CH*CS,CH*DP,CH*CH
CA,0.2905064640089901,0.014162245,1.6568984480170513e-93,0.0002005692,1.1444474e-06,6.0488237e-06,1.8134482e-06,-2.938571e-06,-6.988005e-07,4.0303426e-06,1.420256e-06,-0.0003218863,-0.00020439694,-0.00012822618,-0.0003265162,-0.00010479449,-0.0054460024,-0.0003897443,-0.0006891125,4.374934e-07,-1.1797785e-06,-4.3763774e-07,-3.8081348e-06,1.7387207e-05,-0.00017509941,4.883281e-05,4.8714348e-05,3.5440462e-05,-6.0289344e-06,-5.0153943e-07,-2.0791334e-05,9.484163e-06,-0.00045667004,2.7056363e-05,5.7777455e-05,-2.5295221e-05,-1.0879372e-06,-7.898147e-07,3.84014e-06,-3.347168e-07,5.9575832e-05,-4.0050827e-07,5.521954e-05,-6.955875e-05,1.9115396e-06,-3.472353e-07,1.2676793e-05,7.994619e-07,0.0001013738,-0.00012414902,4.6882808e-05,0.00012569592,-4.088873e-06,3.6338881e-06,1.6106525e-05,5.661975e-06,2.1496105e-06,-3.2783e-05,3.6701433e-05,-3.243153e-05,-3.3687281e-06,-2.6355362e-06,1.8874439e-06,-4.518435e-06,9.479936e-06,-1.5199442e-05,0.00010749929,-1.7504077e-05,-2.986253e-06,3.4357395e-06,-1.3610348e-05,-1.809357e-05,0.00011091308,-4.4698318e-06,-3.2704015e-06
BT,0.9208903668108058,0.017952261,0.0,1.1444474e-06,0.0003222837,7.8302764e-05,7.4270815e-07,2.8004262e-05,-1.9413092e-07,-9.4539325e-07,1.2820736e-06,-1.5774669e-05,1.15238945e-05,4.002969e-06,1.8514928e-06,3.0653819e-06,6.6171444e-05,-1.7426929e-06,1.9092198e-05,1.5379668e-05,-0.00029927364,-0.00029243913,-0.00022470368,-0.00034500833,-0.005214611,-0.0012155501,-0.00027797627,-5.2106338e-05,-4.6665984e-05,-7.4211435e-05,-5.6811063e-05,-5.160748e-05,-2.9713814e-05,-3.354395e-05,8.228749e-05,-2.053194e-05,7.3143405e-05,1.3120602e-05,-6.1386695e-06,4.8276574e-06,0.00015837466,2.3368653e-05,0.00021761483,3.642437e-06,4.5849898e-05,1.6107604e-06,-1.6310796e-05,-3.9795712e-05,7.544622e-05,0.00013285775,-1.4752244e-05,-3.2676537e-05,0.0001947354,1.0553255e-05,1.1421402e-05,9.047339e-06,5.90994e-07,7.603525e-05,-2.8845592e-05,-9.125045e-06,0.00012322611,2.5673604e-05,3.7816533e-06,2.4674053e-05,9.549142e-05,3.6860592e-06,2.6669435e-05,-1.753014e-05,9.6547745e-05,8.69108e-06,-6.8481077e-06,-2.7628812e-07,0.00060017407,-0.00011814897,-2.8661723e-06
BU,0.9408119495648354,0.015045816,0.0,6.0488237e-06,7.8302764e-05,0.0002263766,5.7153895e-05,9.2903916e-05,1.0659589e-06,1.8247805e-05,6.1984006e-06,-3.522233e-05,1.1046156e-06,1.142253e-05,-4.318283e-06,5.5423243e-06,0.00015702478,-1.6292088e-05,8.193167e-05,3.5535853e-05,-9.934957e-05,-1.2411903e-05,0.00013429252,6.672376e-05,0.0016480369,0.0018009264,0.0011548478,-5.308501e-05,-0.00019465758,-0.00020933742,-0.0002014053,-0.00016825912,-0.0029401518,-0.00018664467,5.8521662e-05,-3.6008416e-05,-4.1971794e-05,-1.3686167e-05,-0.00012759892,-1.5357664e-05,-1.7626911e-05,-4.139388e-05,0.00031858354,0.0001236624,-6.622588e-05,-5.4481377e-05,-5.1154257e-05,-0.0001303062,-0.0003147719,0.00018632616,-4.784139e-05,-1.4536884e-05,3.521186e-07,1.0061373e-06,2.8680824e-05,1.051284e-05,-3.2763787e-06,5.3657324e-05,-6.505276e-05,-2.0208094e-05,1.0248222e-05,3.1206648e-05,-1.31055285e-05,5.0518807e-05,-2.5165471e-05,-6.3932006e-05,-6.3933665e-05,-4.7257632e-05,-3.5076841e-06,1.2035869e-05,4.505576e-05,-8.456809e-07,0.0017468398,-9.606109e-05,-1.3415684e-05
CD,0.7251874411907218,0.025185486,2.5601315582666784e-182,1.8134482e-06,7.4270815e-07,5.7153895e-05,0.00063430873,1.3790685e-05,1.1923972e-06,7.046475e-05,4.952109e-06,-4.0014147e-05,-7.078718e-06,-1.5486079e-05,5.3122867e-06,-8.501108e-06,0.0014875351,-1.1713674e-05,-0.000117206684,-3.7461607e-05,8.344853e-06,-6.4479086e-06,-0.00039900042,-4.8321785e-05,0.0014884967,-1.1429124e-05,0.00031068476,-0.0002305662,-4.901892e-05,-5.4632503e-05,3.1615e-05,-6.197112e-05,0.0010493825,0.00013581477,-5.9354323e-05,-0.00022161273,-0.000649054,-0.0003932668,-0.0013269987,-0.00022294377,-0.0026475324,-0.00066435715,-0.0017672522,-0.000103163926,-1.4214023e-06,-9.435659e-06,3.6350197e-05,-1.5638012e-05,0.00025280946,0.00019118807,-7.405668e-06,-7.9346064e-05,-5.050679e-06,1.0751607e-05,0.0002826656,1.1692974e-05,-3.6545148e-06,0.0001688941,-5.3155756e-05,-5.915434e-05,-7.179499e-05,-6.611161e-05,9.909747e-06,-6.843082e-05,0.0001934181,-0.00026746825,-0.00041229566,-4.9471786e-05,-1.4446847e-05,-1.3833776e-05,0.0009462579,7.041076e-06,0.00012892298,0.00058187667,-1.0338002e-05
BV,0.7232515872811124,0.01923325,1.833082287899267e-309,-2.938571e-06,2.8004262e-05,9.2903916e-05,1.3790685e-05,0.00036991786,7.5191633e-07,6.8921404e-06,3.738795e-05,-2.2520828e-05,1.3786107e-05,8.276103e-06,-3.135362e-06,4.1987925e-05,0.0006272544,2.6123264e-05,0.00015216618,1.1179658e-05,-3.8046408e-05,-1.1128257e-05,8.993541e-05,5.0819992e-05,0.0018872644,0.0010254264,0.0006344899,-7.690858e-05,-8.06106e-05,-7.614156e-05,-0.00010403729,-6.415888e-05,-0.00027414737,0.00011244238,0.0003296399,-2.959185e-05,-1.3558648e-05,7.0603187e-07,-2.3193275e-05,1.1541491e-05,5.7420693e-05,-1.8034241e-05,-4.948345e-05,0.0005398196,-0.00043526103,-0.0003536256,-0.00017778468,-0.00045480984,-0.0014806926,-0.002678646,-0.00018516886,-5.276547e-05,6.2566046e-06,2.2339678e-05,2.1654974e-05,3.169411e-05,-2.3077118e-06,4.5059674e-05,2.8230863e-05,-1.733721e-05,6.6650327e-06,2.3890374e-05,-6.8089225e-06,0.00022572662,9.277628e-05,-2.31065e-05,8.0227706e-05,-2.9188173e-05,-3.1033236e-05,-9.297859e-05,-0.00013828243,4.0639716e-06,0.003370559,-0.00072039064,-7.889478e-05
CS,0.3127575229089316,0.0035905375,0.0,-6.988005e-07,-1.9413092e-07,1.0659589e-06,1.1923972e-06,7.5191633e-07,1.2891959e-05,3.3808848e-07,-2.3852078e-07,1.116594e-05,8.161679e-07,7.652842e-07,-1.145338e-06,1.897421e-06,-0.00026600293,-4.0774507e-06,-1.4780392e-05,-6.2417183e-07,2.5653165e-07,2.4057354e-07,-3.5069488e-07,-4.827547e-07,-8.7219945e-05,1.0622906e-05,-7.889674e-06,-2.267613e-06,-1.0738189e-06,-9.025703e-07,-1.8800367e-06,-1.2935228e-06,0.0001058604,8.549588e-07,-8.154521e-06,-9.3725043e-07,-1.4115369e-06,-7.844363e-07,-2.4843866e-06,-3.791579e-07,8.203111e-06,-1.5435089e-06,-2.5128115e-06,-1.2736157e-06,-7.764409e-07,-7.773089e-07,-3.354847e-07,-8.6404555e-07,1.0278687e-05,-3.355765e-06,1.1874736e-06,-1.0869625e-06,-1.711502e-05,-1.313935e-05,-3.6834317e-05,-1.5076889e-05,-3.984394e-05,-7.925743e-05,-2.4791689e-05,-7.3731184e-07,-3.6675897e-07,-1.437904e-07,-2.4279706e-07,-5.5146558e-08,-1.2367096e-06,-1.2272128e-06,-2.1526278e-06,1.3228124e-06,5.4269094e-07,1.5358147e-06,3.004585e-06,9.5534e-07,-0.00022419638,-2.3820066e-06,4.8781226e-07
DP,0.5137605129818881,0.010799878,0.0,4.0303426e-06,-9.4539325e-07,1.8247805e-05,7.046475e-05,6.8921404e-06,3.3808848e-07,0.00011663738,5.8875494e-06,-3.4424436e-05,-6.433392e-06,-3.864411e-06,-1.7321393e-06,-5.3741137e-06,0.00054602907,-6.550958e-05,-1.6138241e-05,-1.5505735e-05,5.0318617e-06,1.3163947e-06,-5.007034e-05,-2.7764681e-05,0.00027059994,-0.00074622955,0.00011751489,-2.7968847e-05,-1.645027e-05,-1.6755277e-05,-1.2169106e-05,-1.1798305e-05,-4.5661684e-05,2.8101707e-05,9.818633e-06,-1.9310584e-05,-7.348089e-05,-4.1870768e-05,-0.0001490786,-2.248872e-05,6.195169e-05,-0.00017461722,0.00038698417,1.3224528e-05,-6.6224866e-06,-6.322909e-06,1.0501152e-06,-8.30944e-06,-5.9927235e-05,-5.5620832e-05,-4.2780553e-05,1.5599071e-05,-7.658344e-06,9.174569e-06,3.8537924e-05,2.523813e-06,-1.0355379e-06,3.956384e-05,-3.7607875e-05,-2.8370774e-05,-0.00013137836,-0.000110447094,-0.00016094769,-0.00013982355,-0.0005976629,-0.00040478396,-0.0009759095,-1.3404298e-05,-4.1535086e-06,-2.0327214e-05,0.00015626386,-2.1150017e-06,-0.00029653605,0.0009643342,-1.206211e-05
CH,0.5231113432241141,0.013210261,0.0,1.420256e-06,1.2820736e-06,6.1984006e-06,4.952109e-06,3.738795e-05,-2.3852078e-07,5.8875494e-06,0.00017451099,-8.025842e-06,-1.3359522e-06,3.5281954e-07,-1.3169745e-06,-2.091191e-06,-5.1512096e-05,1.9553731e-06,-0.00012078779,-7.2662215e-06,1.8570407e-07,-4.077065e-06,1.5054399e-06,-3.2624645e-05,0.0003747409,2.094095e-05,-0.001032463,-3.7574864e-05,-6.408373e-06,-8.563383e-06,3.7250954e-06,-1.1886781e-05,0.00060160155,-2.0652824e-05,-0.00023759603,-4.9815517e-06,-6.510751e-06,-3.6978186e-06,-9.346838e-06,-4.8255833e-07,3.1645035e-05,-4.2429465e-06,-0.00036323108,5.784996e-05,-4.6213747e-05,-3.600511e-05,-1.512619e-05,-4.8814243e-05,-0.00013198539,-0.00021292086,-5.3762946e-05,-8.074163e-06,1.28237725e-05,4.20538e-06,9.666158e-06,1.5212031e-05,7.3191995e-07,1.8855868e-05,0.00014107194,-3.464026e-06,-6.07632e-06,-4.569292e-06,-4.3154137e-06,2.2597504e-05,-4.323924e-05,-2.0840664e-05,7.572777e-05,4.0325303e-05,-0.00016871566,-0.00013527252,-0.0004579262,-0.00016416667,-0.0019001042,-0.0015995655,-0.0003760415
CA*CA,-1.5205136464381748,0.11758407,2.997498688322885e-38,-0.0003218863,-1.5774669e-05,-3.522233e-05,-4.0014147e-05,-2.2520828e-05,1.116594e-05,-3.4424436e-05,-8.025842e-06,0.013826014,0.00032182492,-0.00018725525,-0.0026328047,-0.00028011596,-0.0045942753,-0.010449498,-0.00045531036,4.281801e-05,1.913157e-05,6.8653753e-06,-1.7557575e-05,-2.4862733e-05,0.00030622777,-0.00030110468,-0.0003803182,-0.0001673776,2.8669914e-05,2.5273486e-05,9.219916e-06,-7.728554e-06,0.00021346037,-9.31471e-05,-0.00040999698,0.0007007296,3.890909e-05,-1.571552e-05,6.1039245e-05,-0.000105817046,-0.0007118546,-0.00022576313,-0.0004221946,0.0004258423,1.45635595e-05,1.1496137e-05,4.4355343e-06,3.4702647e-05,0.00017677947,0.0013243059,-0.0004598391,-0.0025526348,-4.2893447e-05,-6.895594e-05,-0.00034634204,-1.4376243e-05,-3.4304e-05,0.0012581735,-0.00023570287,0.00052306085,2.5658985e-05,5.9567265e-06,-6.205672e-05,9.2825176e-05,-0.00012592856,0.00013812701,-0.0008673575,0.00021528275,3.066126e-05,-4.6662928e-05,0.00023094591,0.00015862772,-0.00097250286,-0.00013988346,2.0125957e-05
CA*BT,-0.23283704166090657,0.0294949,2.923103970732246e-15,-0.00020439694,1.15238945e-05,1.1046156e-06,-7.078718e-06,1.3786107e-05,8.161679e-07,-6.433392e-06,-1.3359522e-06,0.00032182492,0.0008699492,6.698105e-05,0.00035447165,0.000104264465,0.002983601,0.00046802603,0.00079727423,5.115357e-05,9.679796e-06,-2.3658993e-05,-5.1372193e-05,-6.220746e-05,0.002816279,-0.00021176442,0.00010948034,-6.677867e-06,1.1441553e-05,-1.0421376e-05,2.0270014e-05,-1.9007564e-05,1.4475235e-05,-1.9439665e-05,0.00012717301,2.0022777e-05,1.27217945e-05,3.041749e-06,7.884981e-06,1.3744993e-06,-8.0311365e-05,1.1186249e-05,-6.717306e-05,0.00021822253,-5.3293574e-05,-1.0343158e-06,-3.058226e-05,-1.4484489e-05,-5.73245e-05,-3.737312e-05,-9.5117575e-05,-0.00012254802,-0.00032573985,6.7107926e-06,-1.5003847e-06,1.7199083e-05,-2.5096422e-06,0.00012700888,-0.000115565126,3.1719665e-05,7.049307e-06,5.1056772e-06,2.473865e-06,9.607887e-06,-3.724247e-05,2.323224e-05,-9.774548e-05,-1.0900058e-06,3.9533435e-05,-1.537269e-05,-8.354416e-06,5.5774967e-06,0.00049420533,-7.973163e-05,3.2256137e-06
CA*BU,-0.14055530304533057,0.023623325,2.683839514338586e-09,-0.00012822618,4.002969e-06,1.142253e-05,-1.5486079e-05,8.276103e-06,7.652842e-07,-3.864411e-06,3.5281954e-07,-0.00018725525,6.698105e-05,0.00055806147,0.00013326984,9.1899645e-05,0.0008684586,0.00052304444,3.624566e-05,6.192963e-05,-7.084819e-06,1.1388798e-05,2.202527e-05,2.8877552e-05,-0.0009995305,0.00012148156,0.00016926198,0.00041465907,-1.4063702e-05,-3.2400485e-06,-2.935923e-06,1.865221e-05,-0.0021446224,4.5553785e-05,0.00025707166,1.5921291e-06,1.2638176e-05,3.7034646e-05,2.7253127e-05,-8.9290603e-07,-7.655616e-05,-2.8291383e-06,-0.00037604684,-0.0003121515,3.001063e-06,-4.2311363e-05,4.063429e-05,-4.757165e-06,0.00013002724,0.00024056634,0.00025043348,2.9518587e-05,-1.2563104e-05,-4.6901605e-05,5.6404413e-05,-4.934297e-05,-2.3263642e-06,-3.833545e-05,0.00039638422,-9.577244e-06,2.3675614e-06,1.49964935e-05,-7.112425e-06,6.190693e-06,1.2818587e-05,1.4697881e-05,-0.000117671145,-5.1063826e-06,-6.57938e-06,1.3280106e-05,-4.978141e-05,-1.584285e-05,-5.901145e-05,0.000103069804,-1.2843492e-06
CA*CD,0.11372241791220315,0.057700403,0.04873393998961172,-0.0003265162,1.8514928e-06,-4.318283e-06,5.3122867e-06,-3.135362e-06,-1.145338e-06,-1.7321393e-06,-1.3169745e-06,-0.0026328047,0.00035447165,0.00013326984,0.0033293364,-1.1562474e-05,0.0048114224,0.0004092282,0.0037039365,5.092882e-05,-1.7746712e-06,-9.70515e-06,9.697129e-05,-0.0001078157,-9.5854e-05,-0.00024268533,0.00048350316,9.052281e-05,4.5912375e-06,-9.473218e-06,0.00015347866,-0.00013768795,0.0005229089,-0.00010162601,0.00042463778,0.00023954659,-1.38676e-05,9.274738e-06,-1.4482312e-05,6.0662238e-05,-0.000693544,-4.8158487e-05,0.0017636521,0.0004010448,-5.58868e-07,2.1347389e-05,-9.4863695e-05,7.504772e-06,-0.00015716485,2.0576913e-06,-0.00020404845,0.00012317818,3.34801e-05,2.6000827e-05,-0.00045542157,9.57633e-05,3.6308338e-06,0.0012565068,-0.000505773,5.98093e-06,-1.5460763e-06,7.681944e-06,4.852123e-05,-1.075354e-06,-0.00049898017,-1.1668789e-05,-4.7781655e-06,-2.9975723e-05,1.0779969e-06,-1.6761027e-05,-5.0268594e-05,-8.588175e-06,-3.5168923e-06,0.0001242804,3.7357254e-06
CA*BV,-0.22011785141703932,0.0345365,1.847807164321265e-10,-0.00010479449,3.0653819e-06,5.5423243e-06,-8.501108e-06,4.1987925e-05,1.897421e-06,-5.3741137e-06,-2.091191e-06,-0.00028011596,0.000104264465,9.1899645e-05,-1.1562474e-05,0.0011927699,-0.00050874206,0.0012324176,-0.0034004222,-3.2197844e-05,-4.615378e-06,-4.3142595e-06,1.721522e-05,2.9140212e-05,0.00032390808,0.00022580833,-5.8031335e-05,-0.000114428876,-3.0681795e-06,-8.961811e-06,-7.468036e-06,-3.0836568e-06,0.00051188783,6.7199258e-06,3.6201018e-05,-3.1008945e-05,9.656829e-06,4.8929455e-06,1.7465786e-06,9.546377e-05,-0.00015296593,4.129029e-05,-0.00078027276,-0.0009959124,-4.5497618e-05,-5.6103185e-05,-2.270449e-05,-6.5222644e-05,0.00048342513,0.00036541882,0.0003112594,0.00016083504,3.116776e-05,2.2550585e-06,3.9623985e-05,-0.0003782398,-5.819857e-06,-0.00042955062,0.0009282435,-7.378122e-06,1.0747962e-05,1.6780037e-05,-3.6294188e-07,9.2862065e-06,-6.677216e-05,2.1187061e-05,-0.00020688433,6.690207e-05,-8.57823e-06,-1.8793471e-05,-4.2805026e-05,4.3423228e-05,0.0011477242,-0.00027438343,4.0732193e-06
CA*CS,6.2433160506482706,1.1583457,7.051432095494746e-08,-0.0054460024,6.6171444e-05,0.00015702478,0.0014875351,0.0006272544,-0.00026600293,0.00054602907,-5.1512096e-05,-0.0045942753,0.002983601,0.0008684586,0.0048114224,-0.00050874206,1.3417648,-0.029690942,-0.09947073,-0.0008284606,-3.99434e-05,6.4010856e-05,-0.0020994646,0.001214294,0.067795455,-0.006476476,-0.020454394,-0.0033431593,-5.6691264e-05,-0.00056515937,-0.0012333797,0.0015907364,0.079255335,-0.0026540398,-0.020978332,0.0010855286,-0.0015012317,-0.0014305714,-0.0034371403,-5.28306e-05,0.01228089,-0.004158775,0.013346133,-0.009883624,-0.00028112394,0.000666125,-0.0005662621,-0.00041622357,-0.04930644,-0.0002224682,0.0038565632,-0.008266078,-0.00013641102,-0.0012751524,-0.005447269,-0.0013997585,0.00081730454,-0.019983603,0.015744463,-0.0014023512,-0.0005415562,-0.0004178618,-0.0013482354,-0.0018262757,0.01963744,-0.001750492,-0.002716263,-0.0019488183,0.00016140741,0.0005153308,0.0028571133,0.000279603,0.020856285,-0.0008078712,7.965821e-05
CA*DP,0.8380622128777777,0.20632815,4.86972862471085e-05,-0.0003897443,-1.7426929e-06,-1.6292088e-05,-1.1713674e-05,2.6123264e-05,-4.0774507e-06,-6.550958e-05,1.9553731e-06,-0.010449498,0.00046802603,0.00052304444,0.0004092282,0.0012324176,-0.029690942,0.04257131,-0.0008077844,-5.6474724e-05,-6.1207825e-06,-1.2795252e-06,-5.737411e-06,-5.4282522e-05,-0.0028727483,0.0022699202,0.00032563493,0.00051211717,1.291784e-05,1.7153841e-05,-7.593588e-05,8.517371e-05,-0.0015427798,0.0001902825,0.00057054334,-6.9071604e-05,1.3667474e-05,6.3619846e-05,-0.00014599186,8.113341e-05,-0.0004354646,0.0017952367,-0.0050530406,0.00026017043,-2.8999737e-05,-1.1717177e-05,9.8879864e-05,-7.66634e-05,-0.0006472012,-0.0023969938,0.0011469536,0.003939367,0.00012485325,0.00029180886,0.0007730085,1.710055e-06,1.2637519e-05,-0.010448808,-9.093503e-05,0.0015686792,0.00010151509,-9.636393e-06,0.00029009941,-0.00015354947,-0.001136905,0.00022316257,0.00031100737,-0.00030598263,-3.5790064e-05,1.9279982e-05,-0.00033905794,-0.0001626356,0.0015616096,-0.001653887,-1.245756e-05
CA*CH,0.3530353976875908,0.29428774,0.2302843972740325,-0.0006891125,1.9092198e-05,8.193167e-05,-0.000117206684,0.00015216618,-1.4780392e-05,-1.6138241e-05,-0.00012078779,-0.00045531036,0.00079727423,3.624566e-05,0.0037039365,-0.0034004222,-0.09947073,-0.0008077844,0.08660527,0.00012844772,-3.2828742e-05,1.1933218e-05,0.0003337917,-0.00047525024,-0.003417244,0.0015985608,0.004391734,0.0006664285,-7.349816e-05,-1.0666627e-05,0.00016509602,-0.0003559476,-0.009899203,0.0006580457,0.0012087353,-0.00025830086,0.00011670679,0.00012661486,0.00034016703,-0.0003911679,-0.0008448666,9.7059165e-05,0.008931298,0.0012520282,-0.00018509214,-6.267221e-05,-0.00021993069,-0.00014665967,0.012126498,-0.000919178,-0.006935848,-0.0007846501,-8.598142e-05,0.0005637483,0.0006213686,0.0012869914,4.5065874e-05,0.0061941044,-0.015471572,-0.00018869275,-3.8039552e-06,-0.000101760415,0.00010211734,0.0009749618,-0.0019915774,2.5718795e-05,0.0015559626,0.0023381568,0.00021737158,9.673904e-05,3.8718164e-05,0.0016012929,-0.009667627,-0.0038702167,0.00028653495
BT*CA,-0.17387043852864778,0.15059334,0.2482668692476645,4.374934e-07,1.5379668e-05,3.5535853e-05,-3.7461607e-05,1.1179658e-05,-6.2417183e-07,-1.5505735e-05,-7.2662215e-06,4.281801e-05,5.115357e-05,6.192963e-05,5.092882e-05,-3.2197844e-05,-0.0008284606,-5.6474724e-05,0.00012844772,0.022678355,-0.00028542758,-0.00016341545,-5.30601e-05,-0.00047288777,-0.005728667,0.006079213,0.003069558,0.002116804,-2.3351326e-05,-6.9881185e-05,-0.00010550277,-5.662559e-05,-0.004960858,-0.00022681845,0.000550188,0.000161029,-8.068904e-06,4.4755838e-05,4.6953202e-05,1.0952704e-05,-0.00044112126,4.0957193e-06,0.0012320058,0.00087746576,0.00028201184,-1.4325135e-05,-0.00010634259,-2.533837e-05,-0.00057973043,-0.00085861504,-0.00028616635,0.00011170661,-0.0004781732,3.5883022e-05,-6.783029e-05,6.2564584e-05,1.9961265e-06,0.00017153636,-0.00046861847,3.440253e-05,0.00015835809,3.5753605e-05,3.6591878e-06,-5.112316e-05,8.501782e-05,5.8313744e-05,0.00021975748,-0.00043901216,-0.00016335821,-8.781842e-06,0.0003119895,-7.4820073e-06,0.0022279057,0.0001897497,1.6922428e-05
BT*BT,-0.9180457906576824,0.018803867,0.0,-1.1797785e-06,-0.00029927364,-9.934957e-05,8.344853e-06,-3.8046408e-05,2.5653165e-07,5.0318617e-06,1.8570407e-07,1.913157e-05,9.679796e-06,-7.084819e-06,-1.7746712e-06,-4.615378e-06,-3.99434e-05,-6.1207825e-06,-3.2828742e-05,-0.00028542758,0.00035358538,0.00018346481,-1.841014e-05,0.00012841937,0.0043954267,0.0004908089,9.635744e-05,5.2512154e-05,7.509675e-05,9.5149466e-05,7.421159e-05,5.451703e-05,0.00016072323,3.6680074e-05,-0.000103657454,2.0738782e-05,-9.453738e-05,-2.0283813e-05,-1.3716004e-05,-8.669938e-06,-0.00019732672,-3.919543e-05,-0.00022472859,-2.4148287e-05,9.068175e-06,-4.95082e-06,2.06363e-05,5.4663687e-05,-8.166282e-06,-0.00018998854,3.6904345e-05,3.831296e-05,-0.00026538165,-1.2251252e-05,-9.639484e-06,-1.3823858e-05,-7.835155e-07,-8.696283e-05,4.7882066e-05,8.548332e-06,-0.00019377365,-3.354738e-05,-9.0428275e-06,-3.501025e-05,-0.00011692364,-1.79383e-05,-5.9537768e-05,2.2657921e-05,-0.00014374814,-1.2534046e-05,3.1144093e-05,-1.551698e-06,-0.0007123109,0.00017184492,-3.5986355e-07
BT*BU,-0.6376460111715527,0.031732596,8.26843398385118e-90,-4.3763774e-07,-0.00029243913,-1.2411903e-05,-6.4479086e-06,-1.1128257e-05,2.4057354e-07,1.3163947e-06,-4.077065e-06,6.8653753e-06,-2.3658993e-05,1.1388798e-05,-9.70515e-06,-4.3142595e-06,6.4010856e-05,-1.2795252e-06,1.1933218e-05,-0.00016341545,0.00018346481,0.0010069577,-0.00021896158,0.00037847823,-0.0019527967,-0.00088506984,-0.001683647,1.7773149e-05,7.5234166e-05,3.832422e-05,-7.8836165e-05,8.196397e-05,-0.0016277465,-2.9977698e-05,-0.00051722035,6.2027725e-06,-2.6180762e-05,-1.51776885e-05,1.5569356e-05,4.473091e-06,-2.3656254e-05,2.255355e-05,6.310066e-05,0.000114246264,-0.00013640824,3.5813937e-05,-3.175132e-06,1.3649866e-05,-0.0007048511,-2.0437405e-05,-0.00012501993,-1.1911525e-05,-0.00020644155,-2.154372e-05,3.3844788e-06,1.9652838e-05,-7.4884514e-07,7.742482e-05,-8.893489e-05,5.943394e-06,-8.544184e-05,-3.82267e-05,3.2177054e-06,-2.6780928e-05,0.00016271538,-7.5867197e-06,-6.619538e-05,4.1781608e-05,-0.00017264581,-2.1635591e-05,-7.209998e-05,-3.5395e-05,0.0017586577,-0.00048274497,8.751105e-06
BT*CD,0.24137383710773153,0.09257,0.009121308219813858,-3.8081348e-06,-0.00022470368,0.00013429252,-0.00039900042,8.993541e-05,-3.5069488e-07,-5.007034e-05,1.5054399e-06,-1.7557575e-05,-5.1372193e-05,2.202527e-05,9.697129e-05,1.721522e-05,-0.0020994646,-5.737411e-06,0.0003337917,-5.30601e-05,-1.841014e-05,-0.00021896158,0.008569204,-0.000367612,0.010961931,0.008109984,0.0048721074,2.8248116e-05,-0.00014800618,-0.0002223475,0.0005226745,-0.0003056129,-0.00057855184,-0.00096402504,0.0013431569,0.0001585385,-2.2203632e-05,0.00032803597,0.0008937455,0.00013125587,0.00081518217,0.0003229793,0.000120826604,-0.00045896377,-0.0001136532,-0.00011712889,0.00021949314,-0.00014539051,-0.0005412812,-0.00033249438,0.00050045125,7.383776e-05,0.00074826216,-1.2995669e-05,-0.00022661101,-7.1891205e-05,1.1054448e-06,-0.00020035476,0.00027026288,4.6183388e-05,0.0002718439,0.00013231266,-1.9640287e-05,0.00016156932,-0.00038492444,0.00020154043,0.00021364422,0.00017345979,0.0002107748,7.165743e-05,-0.0015890633,5.912301e-07,0.00011155603,-0.0001589178,-3.937944e-06
BT*BV,-0.4249925437077906,0.09186721,3.725048627378577e-06,1.7387207e-05,-0.00034500833,6.672376e-05,-4.8321785e-05,5.0819992e-05,-4.827547e-07,-2.7764681e-05,-3.2624645e-05,-2.4862733e-05,-6.220746e-05,2.8877552e-05,-0.0001078157,2.9140212e-05,0.001214294,-5.4282522e-05,-0.00047525024,-0.00047288777,0.00012841937,0.00037847823,-0.000367612,0.008439584,-0.02005064,-0.008867409,0.0037350908,0.00011978837,-8.1435945e-05,-1.9003792e-05,-0.00033296546,0.0006801907,-0.010580181,0.0001281203,-0.0012287346,-3.0701987e-05,5.3149375e-05,4.109752e-06,0.00012902226,5.3997668e-05,-0.00032985958,6.452023e-06,-0.0008904319,0.0010093853,0.0003114534,0.00012884811,6.0971328e-05,-6.5026965e-05,-0.00021771062,1.13155465e-05,-0.001083425,-9.7563156e-05,4.5782916e-05,-4.6332414e-05,-1.4739006e-05,0.00010272499,1.4180587e-06,0.000109516935,-0.00010956705,-3.8731265e-05,5.6975725e-05,9.447264e-06,2.5709189e-05,-0.00014378408,0.00026104925,9.494236e-05,0.0010018672,-2.7476144e-05,4.17395e-05,1.5690399e-05,-0.00028673466,-0.00018589797,0.005517819,0.0010677143,7.2794945e-05
BT*CS,2.597272266092682,1.222003,0.03355139967674941,-0.00017509941,-0.005214611,0.0016480369,0.0014884967,0.0018872644,-8.7219945e-05,0.00027059994,0.0003747409,0.00030622777,0.002816279,-0.0009995305,-9.5854e-05,0.00032390808,0.067795455,-0.0028727483,-0.003417244,-0.005728667,0.0043954267,-0.0019527967,0.010961931,-0.02005064,1.4932913,0.049179804,-0.093644425,-0.012173785,-0.0031390735,-0.002267666,0.0010859771,-0.006532449,0.3322863,-0.020223768,-0.027042933,-0.0013985984,-0.0019219124,-0.0006623424,-0.0034721943,-0.00043363948,0.0049752234,-0.00032425954,0.0033385716,-0.0052446094,-0.0016062835,-0.0029266407,-0.0018690256,-0.0022396368,0.07728865,0.001504,-0.007371109,-3.1716205e-05,-0.025212398,0.0020583968,0.00045152268,-0.00048326762,0.0002689029,0.0019921127,-0.003033152,-7.1480084e-05,0.00081219914,0.0012025976,-0.00018029484,0.0029192779,-0.0028728365,-0.00089541636,-0.0038734355,6.1902334e-05,0.0068519237,0.000803142,0.006948733,0.0033672713,-0.12397158,0.008849145,-0.00076864794
BT*DP,3.3910034626073737,0.52209103,8.300994528307199e-11,4.883281e-05,-0.0012155501,0.0018009264,-1.1429124e-05,0.0010254264,1.0622906e-05,-0.00074622955,2.094095e-05,-0.00030110468,-0.00021176442,0.00012148156,-0.00024268533,0.00022580833,-0.006476476,0.0022699202,0.0015985608,0.006079213,0.0004908089,-0.00088506984,0.008109984,-0.008867409,0.049179804,0.272579,-0.001850832,-0.001978825,-0.0015490968,-0.0016664077,-0.0025150178,-0.0011998732,-0.041171096,0.015046228,-9.308851e-05,-0.00029448245,0.000507493,0.00013590648,-2.9524024e-05,4.3683403e-06,0.0010550237,0.0012769197,-0.003189034,0.00060958305,-0.00045611607,-0.0008342247,-0.0007731784,-0.0014948085,-0.007913913,0.012241551,0.0010545256,0.00064812467,0.002689433,1.0449486e-05,-4.3726508e-05,7.7236604e-05,-3.2459095e-05,-0.0035343932,-0.00090708514,0.00012211133,-0.0036755227,0.0010845569,0.0012715321,0.0016948197,0.0014492244,0.0025123802,0.0029627038,0.00015780683,0.0006571989,0.00037884281,-0.0008759474,9.2060814e-05,0.028645925,-0.02784148,-6.880672e-05
BT*CH,2.8600083928289264,0.48420325,3.491813468454279e-09,4.8714348e-05,-0.00027797627,0.0011548478,0.00031068476,0.0006344899,-7.889674e-06,0.00011751489,-0.001032463,-0.0003803182,0.00010948034,0.00016926198,0.00048350316,-5.8031335e-05,-0.020454394,0.00032563493,0.004391734,0.003069558,9.635744e-05,-0.001683647,0.0048721074,0.0037350908,-0.093644425,-0.001850832,0.23445278,0.0027047563,-0.0007113921,-0.001861398,0.0010352981,-0.0024695145,-0.03530202,0.0004356208,0.05944269,1.7543261e-05,0.00016275467,0.00019879467,-0.0007031686,-0.0004213576,-0.0017656754,-0.00056943763,0.010094067,-0.004042193,-0.00044374328,0.0005714035,-0.0007662173,-0.00092492905,-0.012323052,-0.011062156,0.011102817,-0.0015603724,0.0013728326,0.00037040847,0.00055247213,-0.0006643433,2.4499705e-05,-0.0008073299,0.005947838,-0.00017859462,0.00064540445,0.0002267507,-8.268728e-05,0.00054038304,-0.0011623455,-0.00040623388,-0.0044881753,-0.00021169492,-0.0054138536,-3.0532654e-05,0.0022358685,0.0022235964,-0.026898848,0.010390374,0.0022370727
BU*CA,-0.46904805516322456,0.10145131,3.7753523006231664e-06,3.5440462e-05,-5.2106338e-05,-5.308501e-05,-0.0002305662,-7.690858e-05,-2.267613e-06,-2.7968847e-05,-3.7574864e-05,-0.0001673776,-6.677867e-06,0.00041465907,9.052281e-05,-0.000114428876,-0.0033431593,0.00051211717,0.0006664285,0.002116804,5.2512154e-05,1.7773149e-05,2.8248116e-05,0.00011978837,-0.012173785,-0.001978825,0.0027047563,0.010292367,1.2973263e-05,-0.00020776041,-0.00021069842,6.700974e-05,-0.01792573,-0.00039579227,0.003938022,0.0014531339,0.00019941402,0.00024619902,0.00040227073,-4.435018e-05,-0.001733398,-0.00026809174,-0.0018999431,0.0032925636,1.5523112e-05,0.0001492834,-0.00041044888,5.351123e-05,-0.0029315057,-0.0024799488,-0.00090715894,0.0020008846,-0.00019367607,0.00020025173,-0.000532337,7.927651e-05,7.0628207e-06,-0.0017303716,-0.0018368332,0.00047936177,-5.6080196e-05,4.1696792e-05,-9.979428e-05,-9.4795716e-05,-0.0006435993,9.878667e-05,7.8551575e-06,-0.00033330178,-1.0622332e-05,-0.000111721674,-0.00048739137,-7.430755e-05,0.00766389,0.0011694623,7.947014e-05
BU*BT,-0.7757382322895244,0.015600839,0.0,-6.0289344e-06,-4.6665984e-05,-0.00019465758,-4.901892e-05,-8.06106e-05,-1.0738189e-06,-1.645027e-05,-6.408373e-06,2.8669914e-05,1.1441553e-05,-1.4063702e-05,4.5912375e-06,-3.0681795e-06,-5.6691264e-05,1.291784e-05,-7.349816e-05,-2.3351326e-05,7.509675e-05,7.5234166e-05,-0.00014800618,-8.1435945e-05,-0.0031390735,-0.0015490968,-0.0007113921,1.2973263e-05,0.00024338618,0.00015900075,0.00019485834,0.00014163669,0.0028262238,0.00013249005,-0.000121396355,2.460772e-05,8.540409e-05,5.3588433e-06,0.000107294116,1.5534351e-05,6.6528713e-07,3.9058323e-05,-0.00019033463,-0.00013017732,0.00013254519,3.9267157e-05,5.0040624e-05,0.00011263933,0.00014584696,-0.00012366023,2.785958e-05,1.5278452e-05,0.0001713567,-9.4556535e-06,-2.823534e-05,-1.2427724e-05,3.2987075e-06,-4.7943107e-05,5.4591925e-05,1.5068319e-05,1.7356679e-05,-3.150954e-05,1.2545437e-05,-4.379426e-05,2.1935773e-05,5.7433288e-05,6.727363e-05,4.695558e-05,-3.2003343e-05,1.5287023e-06,-3.2868607e-05,3.416153e-06,-0.001778711,0.00013922967,1.390936e-05
BU*BU,-0.9930366032754957,0.017910844,0.0,-5.0153943e-07,-7.4211435e-05,-0.00020933742,-5.4632503e-05,-7.614156e-05,-9.025703e-07,-1.6755277e-05,-8.563383e-06,2.5273486e-05,-1.0421376e-05,-3.2400485e-06,-9.473218e-06,-8.961811e-06,-0.00056515937,1.7153841e-05,-1.0666627e-05,-6.9881185e-05,9.5149466e-05,3.832422e-05,-0.0002223475,-1.9003792e-05,-0.002267666,-0.0016664077,-0.001861398,-0.00020776041,0.00015900075,0.0003207983,-1.0746174e-05,0.00016313644,0.0009964575,-6.291955e-05,-0.0010879601,1.8878398e-05,2.8541717e-05,2.082947e-05,0.00012810905,4.8293805e-06,-4.870298e-05,3.091859e-05,-0.00045819138,-3.2661806e-05,4.9185222e-05,4.6469428e-05,3.5392322e-06,0.000112092384,9.780723e-05,-0.00016108579,-4.2998297e-05,-1.9022042e-05,-1.0712908e-05,2.8293568e-06,-1.8731249e-05,-1.5368595e-06,2.7767774e-06,2.8254992e-05,-1.2332058e-05,1.9108793e-05,-1.0857998e-05,-2.0436604e-05,8.459089e-06,-4.7808182e-05,-1.2010882e-05,6.026631e-05,5.428775e-05,3.5860317e-05,5.1488496e-06,-2.4866902e-05,-6.079857e-05,-7.185976e-06,-0.00051743386,-0.00018061996,1.814306e-05
BU*CD,-0.5403283294940961,0.038892943,7.01321870879298e-44,-2.0791334e-05,-5.6811063e-05,-0.0002014053,3.1615e-05,-0.00010403729,-1.8800367e-06,-1.2169106e-05,3.7250954e-06,9.219916e-06,2.0270014e-05,-2.935923e-06,0.00015347866,-7.468036e-06,-0.0012333797,-7.593588e-05,0.00016509602,-0.00010550277,7.421159e-05,-7.8836165e-05,0.0005226745,-0.00033296546,0.0010859771,-0.0025150178,0.0010352981,-0.00021069842,0.00019485834,-1.0746174e-05,0.001512661,-0.00016277787,0.007270992,-0.0005656446,0.0025451807,-5.4799588e-05,-4.387178e-05,0.0001781843,-3.2963875e-05,1.2426495e-05,-7.8820594e-05,-1.2825053e-05,0.00091477315,-0.0013644514,7.590982e-05,3.951744e-05,0.0005010489,0.00013022126,0.00015081465,-0.00011239366,0.0007590881,-0.00021131034,2.0395493e-05,-1.4913563e-05,0.00015939659,-0.00011872995,5.7081243e-06,0.00015570779,0.000584892,-3.6261215e-05,-1.8738652e-05,5.384087e-07,7.28783e-05,-6.0828934e-05,-1.8274852e-05,2.395489e-05,1.3249374e-05,8.795033e-05,-6.562811e-06,4.8957176e-05,-0.00015226938,2.36593e-05,-0.004463147,0.00057055353,-7.713157e-06
BU*BV,-0.7696015821565589,0.036990467,3.866969565873042e-96,9.484163e-06,-5.160748e-05,-0.00016825912,-6.197112e-05,-6.415888e-05,-1.2935228e-06,-1.1798305e-05,-1.1886781e-05,-7.728554e-06,-1.9007564e-05,1.865221e-05,-0.00013768795,-3.0836568e-06,0.0015907364,8.517371e-05,-0.0003559476,-5.662559e-05,5.451703e-05,8.196397e-05,-0.0003056129,0.0006801907,-0.006532449,-0.0011998732,-0.0024695145,6.700974e-05,0.00014163669,0.00016313644,-0.00016277787,0.0013682948,-0.004021675,0.00047540152,-0.0016163877,-0.00010691883,5.3564632e-05,-2.3513192e-05,0.00013853061,0.00015431727,0.00018376924,7.99314e-05,-0.0008241705,0.0011461573,2.5110676e-05,0.0004174667,0.00018021282,8.2704566e-05,-0.00018259141,0.0010752256,-0.0012165477,-0.00029687886,-0.00011183871,6.354027e-06,4.5320365e-05,0.00040650583,3.865086e-06,0.00031380227,-0.0011980179,-3.448493e-05,-1.180234e-05,-4.2791424e-05,1.1095168e-06,6.984246e-05,7.2576964e-05,4.5189285e-05,-0.00012266997,-8.985539e-05,2.17956e-05,3.569211e-05,6.012713e-06,-8.152756e-05,0.0006528567,-0.00022238883,2.6431646e-05
BU*CS,-3.019960837756593,0.8055468,0.0001775711318653736,-0.00045667004,-2.9713814e-05,-0.0029401518,0.0010493825,-0.00027414737,0.0001058604,-4.5661684e-05,0.00060160155,0.00021346037,1.4475235e-05,-0.0021446224,0.0005229089,0.00051188783,0.079255335,-0.0015427798,-0.009899203,-0.004960858,0.00016072323,-0.0016277465,-0.00057855184,-0.010580181,0.3322863,-0.041171096,-0.03530202,-0.01792573,0.0028262238,0.0009964575,0.007270992,-0.004021675,0.6489057,-0.027398547,-0.04568372,-0.0024533523,-0.00066854607,-0.00074614515,-0.0024528527,-0.00025655085,0.023813153,0.0007746801,-0.009150475,-0.01171859,-4.1808442e-05,-0.0008692845,-0.00082937075,0.00061765936,0.102382705,0.018546445,-0.008128159,-0.0024883002,0.006509794,0.0036646498,0.0008495514,7.972339e-05,-0.00032518982,0.008172433,-0.009719722,-0.00022551559,0.00022160221,0.00094981986,0.00010493384,0.0016298477,0.019738132,0.00022961988,-0.0069007883,0.0048331,0.0001360467,-0.00014399935,0.0026460518,0.002269506,-0.14482833,-0.0010280297,-0.0012480615
BU*DP,-0.08703201840345813,0.15860714,0.5831928219537288,2.7056363e-05,-3.354395e-05,-0.00018664467,0.00013581477,0.00011244238,8.549588e-07,2.8101707e-05,-2.0652824e-05,-9.31471e-05,-1.9439665e-05,4.5553785e-05,-0.00010162601,6.7199258e-06,-0.0026540398,0.0001902825,0.0006580457,-0.00022681845,3.6680074e-05,-2.9977698e-05,-0.00096402504,0.0001281203,-0.020223768,0.015046228,0.0004356208,-0.00039579227,0.00013249005,-6.291955e-05,-0.0005656446,0.00047540152,-0.027398547,0.025156226,0.0033394557,-0.000173913,-0.00021501831,-5.8296035e-05,-0.00036106064,-1.4513858e-05,0.0015227789,0.00036907822,-0.0005377204,0.000118424316,-0.00015074688,-0.00014426703,-7.787892e-05,-0.00018686238,-0.0026637544,0.0044067013,-0.00027093745,-0.0005258982,-0.0005955504,3.25654e-05,0.00030238216,2.5379006e-05,-2.766119e-06,0.0013066584,-0.000551832,9.225562e-06,-2.9788162e-05,0.00013894748,8.343425e-06,6.3337364e-05,-0.00051157427,-9.4144416e-05,0.00012802442,-0.00012139789,3.864929e-05,-1.8662606e-05,0.00033108646,-3.4337427e-07,0.005089645,-0.0006361348,4.1480504e-05
BU*CH,1.2290528185997807,0.2607608,2.4369622314363647e-06,5.7777455e-05,8.228749e-05,5.8521662e-05,-5.9354323e-05,0.0003296399,-8.154521e-06,9.818633e-06,-0.00023759603,-0.00040999698,0.00012717301,0.00025707166,0.00042463778,3.6201018e-05,-0.020978332,0.00057054334,0.0012087353,0.000550188,-0.000103657454,-0.00051722035,0.0013431569,-0.0012287346,-0.027042933,-9.308851e-05,0.05944269,0.003938022,-0.000121396355,-0.0010879601,0.0025451807,-0.0016163877,-0.04568372,0.0033394557,0.0679962,0.00020516798,2.6227144e-05,0.00028575552,4.5960547e-05,-0.00025561816,-0.0035573754,-0.00011745534,0.015794469,-0.0053699575,-0.0006637313,0.00089493307,-0.00048742237,-0.0004641317,-0.010125276,-0.018264273,0.013412355,-0.0007495653,-0.0006287154,0.00010397742,7.890517e-05,-0.0014806376,2.4825593e-05,-0.0037729635,0.014558559,-0.00021740589,-5.132957e-05,5.2252268e-05,6.23938e-05,-0.00031856453,-0.0034892708,-7.7007644e-05,0.002234208,-0.00038285903,0.00014937333,-0.0006633491,0.00042037253,0.000665534,-0.01082943,0.0024461644,0.0005130548
CD*CA,-0.532208414665159,0.08054253,3.9008939212666634e-11,-2.5295221e-05,-2.053194e-05,-3.6008416e-05,-0.00022161273,-2.959185e-05,-9.3725043e-07,-1.9310584e-05,-4.9815517e-06,0.0007007296,2.0022777e-05,1.5921291e-06,0.00023954659,-3.1008945e-05,0.0010855286,-6.9071604e-05,-0.00025830086,0.000161029,2.0738782e-05,6.2027725e-06,0.0001585385,-3.0701987e-05,-0.0013985984,-0.00029448245,1.7543261e-05,0.0014531339,2.460772e-05,1.8878398e-05,-5.4799588e-05,-0.00010691883,-0.0024533523,-0.000173913,0.00020516798,0.006487099,0.00018943616,0.0002115695,-0.00032027057,0.00013849992,-0.0009068177,-0.0011655998,0.0016748173,0.0005942768,1.8598634e-05,1.0799704e-06,-5.674478e-05,2.495802e-05,-0.00077697576,-0.00017947699,-0.0001251099,0.0011219543,7.4311515e-08,-4.0494622e-05,-7.0315895e-05,-0.00011613392,2.803384e-06,-0.0008254996,0.00017381775,0.0012323454,7.712352e-06,2.604113e-05,-0.00019178215,-1.0744227e-05,-0.0015999577,1.5838752e-05,-0.0006214542,-0.00022404428,1.202939e-05,-1.2944962e-05,-0.0008420719,2.8300565e-05,-0.00077099615,0.0005788695,1.0789362e-05
CD*BT,-0.6912770671930114,0.0337267,2.316611247642387e-93,-1.0879372e-06,7.3143405e-05,-4.1971794e-05,-0.000649054,-1.3558648e-05,-1.4115369e-06,-7.348089e-05,-6.510751e-06,3.890909e-05,1.27217945e-05,1.2638176e-05,-1.38676e-05,9.656829e-06,-0.0015012317,1.3667474e-05,0.00011670679,-8.068904e-06,-9.453738e-05,-2.6180762e-05,-2.2203632e-05,5.3149375e-05,-0.0019219124,0.000507493,0.00016275467,0.00019941402,8.540409e-05,2.8541717e-05,-4.387178e-05,5.3564632e-05,-0.00066854607,-0.00021501831,2.6227144e-05,0.00018943616,0.0011374902,0.0003369047,0.001386753,0.00020624725,0.0023675137,0.00065520726,0.0010432728,8.343507e-05,4.7141533e-05,1.2414991e-05,-3.973105e-05,1.4360769e-05,-0.0002385435,-2.0237803e-05,-1.592326e-05,7.087564e-05,0.00018076086,-1.1777433e-05,-0.0002882826,-9.756749e-06,4.326754e-06,-0.00015543507,3.0068164e-05,5.6157918e-05,0.00012785589,6.839653e-05,-1.1277856e-05,7.5974785e-05,-0.00018830693,0.00028061433,0.0004256908,4.897673e-05,3.7270984e-05,2.5364174e-05,-0.00097129616,3.169771e-08,-0.00046029556,-0.00056470203,1.3747908e-05
CD*BU,-0.3183374639970444,0.025341343,3.416708531728351e-36,-7.898147e-07,1.3120602e-05,-1.3686167e-05,-0.0003932668,7.0603187e-07,-7.844363e-07,-4.1870768e-05,-3.6978186e-06,-1.571552e-05,3.041749e-06,3.7034646e-05,9.274738e-06,4.8929455e-06,-0.0014305714,6.3619846e-05,0.00012661486,4.4755838e-05,-2.0283813e-05,-1.51776885e-05,0.00032803597,4.109752e-06,-0.0006623424,0.00013590648,0.00019879467,0.00024619902,5.3588433e-06,2.082947e-05,0.0001781843,-2.3513192e-05,-0.00074614515,-5.8296035e-05,0.00028575552,0.0002115695,0.0003369047,0.00064218364,0.0005771162,0.00019575491,0.0017408177,0.00062726304,0.0006809927,-7.055977e-05,-8.472109e-06,1.3687624e-05,1.7729117e-05,-7.1828376e-06,-0.00029311786,-4.4588905e-05,7.956461e-05,5.452168e-05,6.81991e-06,1.1832337e-05,-0.00026847303,-1.942465e-05,2.392531e-06,-9.200943e-05,2.636608e-05,3.920347e-05,4.2118343e-05,8.741737e-05,-2.4512363e-05,5.0262595e-05,-0.00017825252,0.00015352089,0.00015561786,1.3256116e-05,6.981868e-06,2.0312762e-05,-0.00048657952,-4.0561463e-06,9.991591e-05,-0.0003085028,7.6621955e-06
CD*CD,-1.4104085219272466,0.061121956,8.194644718431859e-118,3.84014e-06,-6.1386695e-06,-0.00012759892,-0.0013269987,-2.3193275e-05,-2.4843866e-06,-0.0001490786,-9.346838e-06,6.1039245e-05,7.884981e-06,2.7253127e-05,-1.4482312e-05,1.7465786e-06,-0.0034371403,-0.00014599186,0.00034016703,4.6953202e-05,-1.3716004e-05,1.5569356e-05,0.0008937455,0.00012902226,-0.0034721943,-2.9524024e-05,-0.0007031686,0.00040227073,0.000107294116,0.00012810905,-3.2963875e-05,0.00013853061,-0.0024528527,-0.00036106064,4.5960547e-05,-0.00032027057,0.001386753,0.0005771162,0.0037358936,9.727873e-05,0.0017614219,3.230033e-05,-0.0008933583,0.00016439265,-4.639922e-06,7.2576704e-06,-5.482372e-05,2.9372855e-05,-0.00052721915,-0.0005323241,2.2309105e-05,8.4631065e-05,-3.4695286e-06,-2.3089451e-05,-0.00033386823,-1.2963513e-05,7.650187e-06,-0.00033943218,6.6072134e-05,-1.3977586e-05,0.00015222958,0.00013390997,8.422569e-06,0.00014211344,-0.00029584387,0.00057384145,0.0009123708,0.000147768,3.0424504e-05,2.7164115e-05,-0.0026538575,-2.7941423e-05,0.0002277228,-0.0014135228,1.9223788e-05
CD*BV,-0.19508150707212915,0.029650409,4.723925075723389e-11,-3.347168e-07,4.8276574e-06,-1.5357664e-05,-0.00022294377,1.1541491e-05,-3.791579e-07,-2.248872e-05,-4.8255833e-07,-0.000105817046,1.3744993e-06,-8.9290603e-07,6.0662238e-05,9.546377e-05,-5.28306e-05,8.113341e-05,-0.0003911679,1.0952704e-05,-8.669938e-06,4.473091e-06,0.00013125587,5.3997668e-05,-0.00043363948,4.3683403e-06,-0.0004213576,-4.435018e-05,1.5534351e-05,4.8293805e-06,1.2426495e-05,0.00015431727,-0.00025655085,-1.4513858e-05,-0.00025561816,0.00013849992,0.00020624725,0.00019575491,9.727873e-05,0.00087914674,0.0011751698,0.00080939045,0.0025880863,0.00020112727,-1.8019e-05,-3.8760486e-06,4.277739e-05,-4.4947174e-06,2.7517748e-05,-0.00015312039,-0.000104015504,-3.4909644e-05,-2.9628973e-07,-6.745623e-06,-0.00022727068,3.6833906e-05,1.1325283e-06,6.951121e-05,-7.769903e-05,1.883839e-05,2.234676e-05,1.7923841e-05,-1.20728055e-05,8.021646e-05,-3.636091e-05,8.311505e-05,7.293517e-05,1.4115344e-05,7.5832745e-06,-3.202107e-06,-4.2930777e-05,3.1113254e-06,3.6009347e-05,-0.00013237502,1.1659788e-06
