Param name,Param value,Param stdv,Param p-value,CA,BT,BU,CD,BV,CS,DP,CH,CA*CA,CA*BT,CA*BU,CA*CD,CA*BV,CA*CS,CA*DP,CA*CH,BT*CA,BT*BT,BT*BU,BT*CD,BT*BV,BT*CS,BT*DP,BT*CH,BU*CA,BU*BT,BU*BU,BU*CD,BU*BV,BU*CS,BU*DP,BU*CH,CD*CA,CD*BT,CD*BU,CD*CD,CD*BV,CD*CS,CD*DP,CD*CH,BV*CA,BV*BT,BV*BU,BV*CD,BV*BV,BV*CS,BV*DP,BV*CH,CS*CA,CS*BT,CS*BU,CS*CD,CS*BV,CS*CS,CS*DP,CS*CH,DP*CA,DP*BT,DP*BU,DP*CD,DP*BV,DP*CS,DP*DP,DP*CH,CH*CA,CH*BT,CH*BU,CH*CD,CH*BV,CH*CS,CH*DP,CH*CH
CA,0.30615447821459923,0.0153426295,1.3699036899789283e-88,0.00023539629,1.6210122e-06,8.372259e-06,9.351469e-06,1.0219754e-05,-1.2398207e-06,9.3348336e-07,-9.037625e-06,-0.00024243964,-0.0002598998,-0.0001682266,-0.00047606195,-0.00017287687,-0.003935496,-0.0005304774,-0.0009291212,-6.683623e-06,-1.325171e-06,-2.3477528e-06,2.4361723e-05,2.6949847e-06,0.0011778319,0.00031876768,0.0004095047,6.738627e-07,-6.8948407e-06,-8.425796e-06,-1.04055725e-05,-5.013657e-06,1.1987841e-05,0.00019308492,0.0002179621,2.8216548e-06,-9.637587e-06,-6.496273e-06,-1.6397622e-05,-5.346927e-06,3.799319e-05,-2.2446495e-05,6.9074913e-06,-5.0977637e-06,-1.3957203e-05,-4.6760315e-06,-6.463606e-06,-1.3681231e-05,3.4603338e-05,-0.0001526236,-3.110028e-05,8.89221e-05,-0.00010647139,1.682698e-06,1.0102327e-05,6.0436746e-06,3.7852333e-06,5.5892388e-06,8.897261e-05,9.051166e-06,3.394875e-07,2.0879309e-06,-3.580959e-06,2.4616972e-06,1.7178187e-05,-2.416885e-06,-5.913739e-06,0.0001823642,2.7517203e-06,8.061644e-06,-4.3771688e-05,-2.0694602e-05,7.81595e-05,-0.00025395094,1.9445808e-05
BT,0.8419534369112796,0.014570682,0.0,1.6210122e-06,0.00021230479,4.3892964e-05,1.7483711e-06,1.8815354e-05,-3.695568e-08,-8.134584e-07,-3.2740658e-07,-1.1144721e-05,4.149342e-06,4.4687085e-06,-2.1202825e-06,-6.194997e-07,5.7089033e-05,-6.64987e-07,-4.73832e-06,-1.8235601e-06,-0.00020662395,-0.00017237739,-0.00088502775,-0.00023109106,-0.006936855,-0.0028084365,-0.0019176167,3.980426e-05,-4.805382e-05,-3.8778162e-05,-1.6675242e-05,-2.1004571e-05,-0.0010113304,5.4423348e-05,5.7050343e-05,-3.0124438e-06,0.00020584934,4.0689097e-06,-4.1651374e-06,2.9721916e-06,7.06991e-06,1.2417722e-06,5.174108e-06,3.7311613e-05,-1.4260221e-05,-5.988134e-06,3.2703672e-06,-2.2150092e-05,-0.00032648625,5.5780743e-05,-3.8484035e-05,3.1159261e-06,-0.00022941822,1.2551228e-09,5.5021326e-07,5.8701353e-06,1.1279326e-07,5.4685884e-06,-2.9976463e-06,-3.963614e-06,0.0002613003,1.0376e-05,2.4093717e-06,1.1427741e-05,4.092606e-05,2.1802139e-06,4.1857234e-05,-9.279138e-06,0.00030831146,-1.6559597e-06,-2.5031164e-05,-2.9356333e-06,0.00059157575,-4.8222224e-05,6.328494e-07
BU,0.9156717344134053,0.01612211,0.0,8.372259e-06,4.3892964e-05,0.00025992244,2.9395535e-05,7.550835e-05,1.1928223e-06,1.1026375e-05,7.922307e-06,-9.144958e-05,-9.121015e-06,8.656693e-06,-7.355825e-06,6.8952836e-06,0.0005668383,1.3504943e-05,-4.5555178e-05,3.7343652e-05,-5.0592258e-05,-2.6950104e-07,0.0010406933,-4.80509e-06,0.0020207777,0.0035175702,0.0028372763,-7.601254e-06,-0.00021483767,-0.0002644349,-6.126763e-05,-0.00021555448,-0.0024172554,-0.00014171268,0.00023055293,-2.1221795e-05,6.845388e-06,5.9401254e-06,-6.426259e-05,-9.979446e-06,-8.458782e-05,-3.3680586e-05,7.9683343e-07,3.8633596e-05,-3.4135766e-05,-3.188234e-05,0.00012363259,-0.00010756373,-0.0011754355,0.0006457024,-1.1664906e-05,1.2109225e-05,0.00090286357,7.631507e-06,-7.4325914e-07,2.408836e-06,-3.662765e-06,1.3331365e-05,-5.0443494e-05,-1.3269368e-05,-1.1699183e-05,5.781709e-05,-1.3444347e-06,6.9466834e-05,-0.000108001055,-3.905219e-05,2.5597883e-05,-5.7704496e-05,-4.3344393e-05,1.8696677e-05,1.7630407e-05,2.2667668e-05,0.0008941185,-8.227058e-05,-1.710074e-05
CD,0.676391264323492,0.013793659,0.0,9.351469e-06,1.7483711e-06,2.9395535e-05,0.00019026504,1.7432432e-05,3.0128717e-06,6.354979e-05,9.3522885e-06,-0.00011272247,-8.122683e-06,-4.380846e-06,-1.5122993e-05,-7.096414e-06,0.0011419489,-4.4632536e-05,6.1821406e-06,6.300026e-06,-1.0901927e-06,4.965677e-07,-0.0004806922,-2.6467978e-06,0.00065778417,-0.00013360521,0.0006099728,4.430237e-05,-2.370933e-05,-3.6365673e-05,-9.682025e-06,-2.5106268e-05,-0.0011027241,0.0003233572,0.0002758869,-4.7327747e-05,-0.00024972786,-0.00016555113,-0.00042564637,-0.00017239961,-0.00058901234,-0.00029457093,-0.0002772796,-7.704374e-05,-1.3047941e-05,-9.140938e-06,-0.00019044688,-1.640708e-05,-0.00023370463,-9.8058204e-05,-2.7683545e-05,1.38938e-05,-7.382755e-05,3.2919822e-06,6.4380974e-06,6.7891697e-06,-9.4007655e-06,6.50345e-06,-0.00011205278,3.7196853e-07,-6.63543e-05,-6.328028e-05,-4.739755e-05,-4.2491574e-05,5.0205923e-05,-0.00023549136,-0.00036948227,-0.00052096497,-9.355861e-06,-1.696844e-05,0.00057184184,6.840256e-05,-0.00013877754,0.0008131057,-1.9660969e-05
BV,0.6995989451755698,0.01788995,0.0,1.0219754e-05,1.8815354e-05,7.550835e-05,1.7432432e-05,0.00032005034,1.28971e-06,3.590788e-06,4.0406885e-05,-0.00014952733,7.952823e-06,1.2957056e-05,-1.285755e-05,1.2212173e-05,0.001003542,5.0806826e-05,3.5285855e-05,1.4113505e-05,-2.1862577e-05,-2.1588861e-05,0.00039265514,0.00010454195,0.004883924,0.0030668855,0.0020328132,7.0058936e-06,-6.413275e-05,-7.905001e-05,-1.756055e-05,-2.574456e-05,-0.0050065485,0.0021996635,0.0015665826,-1.5154547e-05,3.782743e-05,-8.495056e-07,-3.7551883e-05,3.9755505e-05,4.508544e-07,-2.1632955e-05,2.0735537e-05,0.00040217588,-0.000373208,-0.00026521826,-0.00010806623,-0.00034708824,-0.0042347615,-0.0022477547,-0.0004885976,8.047989e-06,-0.0006834175,-3.77801e-06,8.219785e-07,2.4336501e-05,-3.931935e-06,-8.111874e-06,9.598572e-05,-7.235738e-06,1.2337717e-05,2.6404974e-05,-3.6588738e-06,0.00022165512,3.611871e-05,-1.2466717e-05,0.00014075768,0.00049387175,-9.200565e-06,-9.540876e-05,-0.00058410806,-8.591812e-05,0.004352545,-0.0015301645,-8.552196e-05
CS,0.31109825935332824,0.003695756,0.0,-1.2398207e-06,-3.695568e-08,1.1928223e-06,3.0128717e-06,1.28971e-06,1.3658612e-05,1.1078163e-06,8.8879716e-08,2.8995933e-05,1.2413253e-06,8.550272e-07,-4.3197024e-06,2.0250657e-06,-0.00043682678,-9.237247e-06,-6.8258587e-06,-4.5003273e-07,8.83787e-08,-1.7227227e-07,-8.286669e-06,-8.981696e-07,-7.452342e-05,0.00010581258,2.6331862e-05,-4.2183632e-07,-1.111833e-06,-1.380051e-06,-7.180771e-06,-2.0364855e-06,0.00019116921,9.800555e-05,9.253302e-06,-1.6295978e-06,-3.5505986e-06,-2.8442657e-06,-6.3855286e-06,-2.5133243e-06,2.9901688e-05,-6.2728036e-06,-3.2655469e-06,-4.337706e-06,-9.701221e-07,-1.5330146e-06,-1.3615661e-06,-1.8453342e-06,0.00013796799,2.0592308e-05,1.4106221e-06,-1.1493822e-05,-4.1633528e-05,-1.27780895e-05,-3.042009e-05,-1.6288737e-05,-4.2367483e-05,-3.5566416e-05,-5.0582385e-05,-1.19145696e-07,-2.39954e-06,-1.6653543e-06,-1.8363245e-06,3.5701822e-07,1.69299e-06,-3.7070886e-06,-6.1556757e-06,-6.5822587e-06,5.2281075e-07,3.462378e-08,1.1037429e-05,2.4285446e-06,-0.00027175876,5.1723464e-06,-2.1775242e-07
DP,0.550314797717991,0.010753307,0.0,9.3348336e-07,-8.134584e-07,1.1026375e-05,6.354979e-05,3.590788e-06,1.1078163e-06,0.00011563361,1.4405889e-05,1.3313376e-05,-1.6363961e-06,1.1289433e-06,-1.1045696e-05,-4.1281132e-06,0.00029608593,-0.00010662719,0.000108071195,3.928929e-06,1.6794486e-06,1.8852188e-06,-0.00017121961,-1.556449e-05,0.00040526158,-0.0015883995,0.000109338725,3.346785e-05,-9.2306655e-06,-1.2735238e-05,1.3298782e-05,-9.425389e-06,-0.00029985813,-0.00039341717,3.3991808e-05,-1.9181183e-05,-7.82359e-05,-5.191667e-05,-0.00014132007,-5.4845237e-05,-8.5020765e-05,-0.00012106944,-4.703457e-05,-7.653715e-05,-9.941439e-07,3.205456e-06,-6.817302e-05,1.1612252e-06,9.611397e-06,-0.00032174666,-6.312205e-05,2.1129517e-07,-1.7167411e-05,3.6530325e-06,1.2206977e-05,8.789529e-06,-3.5200353e-06,7.795119e-06,-0.00018251929,3.069016e-05,-0.00011980602,-0.0001248839,-0.00016298733,-0.00013556136,-0.0002215155,-0.0003958687,-0.0010973731,-0.00076591165,3.6862912e-07,-1.3272293e-05,0.0005910965,0.00010407409,-0.0010991318,0.0010508598,-3.0392941e-05
CH,0.5158217365007358,0.013172639,0.0,-9.037625e-06,-3.2740658e-07,7.922307e-06,9.3522885e-06,4.0406885e-05,8.8879716e-08,1.4405889e-05,0.00017351842,6.584675e-05,1.1530372e-05,-4.455908e-06,4.520324e-06,1.4157761e-05,-8.5135835e-05,-8.70287e-06,-0.0001364841,-1.0437044e-05,8.6139494e-07,-1.9656868e-06,4.791916e-05,-1.2442697e-05,0.00097304716,-0.00028665134,-0.0022880773,-5.066847e-05,-4.0807377e-06,-1.1990399e-05,5.634921e-06,-2.5790016e-05,0.0011660826,-0.0003158776,-0.00061285065,-8.675023e-06,-4.5447023e-06,-6.607141e-06,-2.0524432e-05,-7.069027e-07,-7.2657117e-06,-7.79362e-06,1.3248589e-05,9.948902e-05,-5.0894745e-05,-3.8072798e-05,-1.7262988e-05,-4.7571673e-05,-0.0004590786,-0.00026568686,-0.00013214728,-5.773266e-06,7.291535e-05,1.766369e-06,1.300678e-06,5.542014e-06,-2.5822135e-07,4.021589e-05,0.00029539815,-8.259609e-06,-5.4624195e-07,-1.1305125e-05,-1.3131511e-05,1.7864424e-05,-8.04383e-05,-5.0631144e-05,0.0002902028,0.00043824693,-0.00020049374,-0.00012569485,-0.0006452189,-0.00023270142,-0.0016898564,-0.0012265736,-0.00037928188
CA*CA,-1.8667921024052843,0.15581518,4.479261068755789e-33,-0.00024243964,-1.1144721e-05,-9.144958e-05,-0.00011272247,-0.00014952733,2.8995933e-05,1.3313376e-05,6.584675e-05,0.02427837,5.110568e-05,-0.0006391007,-0.0066289753,-0.0011006449,-0.04023084,-0.011128,-0.0025414503,2.202757e-05,1.3455274e-05,-7.2856795e-07,-0.00020274884,2.8629838e-05,-0.0064169206,-0.0021563477,-0.003948186,-0.00015543973,6.223552e-05,0.0001136621,0.0001645563,0.00013340867,-0.00851874,-0.00046675495,-0.0016572416,6.498703e-05,0.00014130087,6.811057e-05,0.00026408143,3.2328207e-05,-0.0010386258,0.00026120397,7.584439e-05,-0.0004934078,0.00018893028,7.791695e-05,0.00025750673,0.00018830976,-0.00047634527,0.0015492926,0.00020586897,-0.0016550177,-0.00084969,-7.391286e-05,-0.00016319452,-9.96298e-05,-8.8621564e-05,1.22496085e-05,-0.0012620988,-0.00010554043,-3.864655e-05,-0.000100228805,5.4000702e-05,-5.6544348e-05,-0.00028625893,-5.9077145e-05,0.00024363269,-0.0032330228,3.232393e-05,-0.00014594357,0.000905101,0.00029413082,0.0031449338,0.0025971627,-0.0001417958
CA*BT,-0.2253340358270703,0.031509023,8.588918921134459e-13,-0.0002598998,4.149342e-06,-9.121015e-06,-8.122683e-06,7.952823e-06,1.2413253e-06,-1.6363961e-06,1.1530372e-05,5.110568e-05,0.0009928185,9.942781e-05,0.00061093696,0.00016947355,0.0047026165,0.0006572595,0.0011205389,4.847971e-05,6.9521075e-06,-1.3511799e-05,5.6827626e-05,-3.2177933e-05,0.0073854607,0.000444575,0.00024837046,6.597908e-05,2.0128076e-05,2.3878786e-06,1.0609482e-05,2.4499359e-05,-0.0010166268,0.0002136368,-1.8076336e-05,-4.2988145e-06,-3.2631826e-05,4.0977684e-06,1.3037149e-05,7.293891e-06,-3.4560708e-05,2.2027412e-05,-5.0933136e-06,0.00013576029,-3.3655866e-05,6.04515e-07,-1.6770011e-05,-6.0868606e-06,-0.00045598065,-1.1744261e-05,-2.2022297e-05,-8.294086e-05,-0.0013129427,-3.4846814e-06,-1.064336e-05,9.838011e-06,-3.7918708e-06,-4.4133303e-06,-9.905783e-05,-8.961765e-06,-2.8509023e-05,2.7736232e-06,3.3679746e-06,9.945917e-06,2.6664804e-05,4.800589e-06,-7.2546295e-06,-0.00010638591,5.4425136e-06,-5.465052e-06,-2.6020607e-05,1.4325823e-05,0.00016870249,0.00011669138,-2.4942403e-05
CA*BU,-0.13946858520900324,0.025646064,5.381968331679732e-08,-0.0001682266,4.4687085e-06,8.656693e-06,-4.380846e-06,1.2957056e-05,8.550272e-07,1.1289433e-06,-4.455908e-06,-0.0006391007,9.942781e-05,0.0006577206,0.0005591268,0.00014999989,0.001020578,0.00064165477,0.00062063924,2.0319661e-05,-5.9500985e-06,4.189049e-06,8.466977e-05,8.889893e-06,-0.00075591577,0.0010573323,0.0008478087,0.00018336988,-1.3457265e-05,3.3063677e-07,6.330064e-05,1.5508966e-05,-0.0039118486,0.0010178862,0.0006978653,8.658094e-06,4.887634e-06,1.4338498e-05,7.350476e-06,4.670346e-06,-7.1853385e-05,5.6579397e-06,-8.224434e-06,-0.00021976171,2.75152e-06,-4.2408185e-05,9.7039294e-05,-1.5047109e-05,3.1038133e-05,0.00035702428,0.00019197231,4.5168286e-05,-0.00030936164,-1.9802275e-05,-8.991664e-06,-1.4310102e-05,-2.5519355e-06,3.8345743e-06,0.00020585117,-2.2382244e-06,-1.1011738e-05,-1.7991919e-05,6.1984036e-07,3.0612864e-05,-8.933637e-06,-4.842557e-06,0.00012909406,-0.0004729206,1.1236567e-05,-8.566909e-05,0.00014527238,3.7280275e-05,0.0031152328,0.00032727662,9.806859e-06
CA*CD,0.2868704296851308,0.08878841,0.0012338191116729408,-0.00047606195,-2.1202825e-06,-7.355825e-06,-1.5122993e-05,-1.285755e-05,-4.3197024e-06,-1.1045696e-05,4.520324e-06,-0.0066289753,0.00061093696,0.0005591268,0.007883382,0.00081477885,-0.008636531,0.0015909249,0.004752239,8.699197e-05,6.565531e-07,5.9565314e-06,0.00023416195,-4.709359e-05,-0.0028577193,-0.0014205488,-0.00022836267,0.0004187363,4.2944203e-06,8.0855125e-06,0.0001560987,-6.369963e-05,0.003796125,-0.0012016242,-0.00036692625,0.00021676937,-1.314312e-05,2.9571862e-05,6.705301e-05,2.7799206e-05,-0.0009677012,-1.6770011e-05,0.00018889086,0.00066193147,2.717433e-06,-3.920777e-06,-0.00021649762,5.4498264e-06,0.00167517,0.00020649195,-0.00023226863,0.000115377436,0.0008395979,3.383002e-05,-8.385716e-05,6.286741e-05,1.4258491e-05,0.0005337006,-0.0003478234,2.8881923e-05,2.6107897e-05,4.6152454e-05,-4.011302e-05,2.3344573e-05,0.00013923408,4.812931e-05,-0.00013544848,0.00071460346,-2.0396707e-05,-4.0261468e-05,-0.0015254178,-2.0627447e-05,3.6287587e-05,0.0013785402,-9.006035e-06
CA*BV,-0.19382478599374975,0.03732406,2.0690407288607678e-07,-0.00017287687,-6.194997e-07,6.8952836e-06,-7.096414e-06,1.2212173e-05,2.0250657e-06,-4.1281132e-06,1.4157761e-05,-0.0011006449,0.00016947355,0.00014999989,0.00081477885,0.0013930855,0.00087843667,0.0013186289,-0.0024412812,-3.2984751e-06,2.2207932e-06,-6.3188904e-06,9.594131e-05,-7.9289915e-05,-0.00021242532,0.0009242477,0.00041179318,-9.7204786e-05,-2.6676587e-06,-8.608046e-06,1.9842739e-05,-0.00017725809,-0.0013348567,0.000854899,0.000467984,-6.080412e-06,7.3049505e-06,9.529022e-06,1.1514268e-05,1.1858053e-05,1.0103978e-05,1.1315973e-05,-3.995477e-05,-0.0007712934,-9.890059e-06,-6.3041436e-05,2.0272948e-05,-4.8372385e-05,-0.0009482709,0.001083022,0.00034686408,6.135299e-06,-5.5907807e-05,3.9019446e-06,-5.174089e-06,-0.00031652514,-6.294706e-06,-5.380943e-05,0.00049344846,-9.20943e-06,1.8716064e-05,2.7379148e-05,-2.1867304e-06,-0.00010543397,3.617593e-05,1.5501546e-05,0.00016728765,0.0002719481,-3.0502959e-05,-4.574337e-05,-0.00011125019,-0.0001894824,0.0027345,-0.00030240868,-2.8663573e-05
CA*CS,7.006644201180645,1.0564694,3.308737118193884e-11,-0.003935496,5.7089033e-05,0.0005668383,0.0011419489,0.001003542,-0.00043682678,0.00029608593,-8.5135835e-05,-0.04023084,0.0047026165,0.001020578,-0.008636531,0.00087843667,1.1161276,-0.007571417,-0.05864535,-0.0018471357,-6.359787e-05,5.3773732e-05,-0.001909906,0.00022691996,0.045409333,0.025495999,0.014615844,-0.009005839,-0.00029769266,-0.0007547732,-0.0007803655,-0.00035366087,-0.025023138,0.017536808,0.00545348,-0.001313315,-0.0012154093,-0.0011639681,-0.0028119967,-0.00059264177,0.0013016836,-0.002549726,0.00010631475,-0.009008293,-0.0010276854,0.00045646052,0.0006981964,-0.00096183387,-0.09384472,0.0056603374,0.004455515,-0.0014000044,-0.0035608802,0.00018819331,0.00093865575,-0.00052548974,0.0013527683,-0.0006324263,0.0044176313,0.0005778684,-0.0004294499,-0.00059490255,0.00024869668,0.0011438815,-0.013308051,-0.0011619729,-0.0021952079,0.0035220946,0.00022098227,0.0021696256,0.0006332316,0.0016051342,-0.094868526,-0.0058782804,0.00021814587
CA*DP,0.6002440352614485,0.19149207,0.001721100137116534,-0.0005304774,-6.64987e-07,1.3504943e-05,-4.4632536e-05,5.0806826e-05,-9.237247e-06,-0.00010662719,-8.70287e-06,-0.011128,0.0006572595,0.00064165477,0.0015909249,0.0013186289,-0.007571417,0.036669213,0.00043984782,-7.055513e-05,-2.1853684e-06,1.623239e-05,0.00024098577,4.122965e-05,-0.0029255433,0.0031117145,0.0018013604,-0.0003289674,-6.668336e-06,-8.689076e-06,-0.00010828684,9.521579e-05,0.001379864,0.00053179613,0.001223866,0.00022674851,5.4249642e-05,5.1083432e-05,1.0448938e-07,6.0937935e-05,0.00065609073,-8.988065e-06,-0.00077224616,0.00018227445,-5.9945498e-05,2.6683767e-05,0.0003963649,-8.719677e-05,0.0007303054,-0.002167518,0.000808489,0.0009900249,0.0005513127,0.00013054514,0.00011417784,6.507965e-05,2.6438835e-05,-0.0032225552,0.0013620437,-0.00034153005,8.880248e-05,0.00013105768,-5.202112e-05,-3.5418975e-06,0.002490542,0.00037708812,-0.00023760085,0.0022595064,-0.00012396046,4.2119307e-05,0.00034447247,-0.00030474062,0.009051982,-0.009224859,1.7642764e-05
CA*CH,0.5785955573675085,0.28584442,0.04295343071646301,-0.0009291212,-4.73832e-06,-4.5555178e-05,6.1821406e-06,3.5285855e-05,-6.8258587e-06,0.000108071195,-0.0001364841,-0.0025414503,0.0011205389,0.00062063924,0.004752239,-0.0024412812,-0.05864535,0.00043984782,0.08170704,0.00044772594,-2.001599e-06,-1.5105855e-05,-0.00023714964,0.0001566118,-0.0019418941,-0.008321522,-0.005284309,0.0021791384,2.1303153e-05,3.255301e-05,9.052902e-05,0.0002247807,0.017630914,-0.0056440816,-0.00760581,-0.00028889795,3.888435e-05,6.637161e-05,-4.263786e-05,-0.00012596238,0.00081472634,0.0003942518,2.0842645e-05,0.0028304975,-1.0882535e-05,-0.00025404547,-0.00041537918,-1.5536756e-05,0.02021371,-0.005390827,-0.0065786736,0.00016664859,0.0023849083,0.00022508061,9.251692e-05,0.00078073185,2.0037041e-05,0.0019775168,-0.014094215,-8.318871e-05,-3.031167e-05,3.0285888e-05,-8.9562796e-05,-0.0007159029,0.0014079908,-0.00036409558,-0.004904828,-0.0018565885,0.00029447832,0.00042091822,-0.00030066905,-0.00046234654,-0.008537641,0.0009733733,0.0002539563
BT*CA,-0.11424500489945934,0.092428416,0.21644455791723105,-6.683623e-06,-1.8235601e-06,3.7343652e-05,6.300026e-06,1.4113505e-05,-4.5003273e-07,3.928929e-06,-1.0437044e-05,2.202757e-05,4.847971e-05,2.0319661e-05,8.699197e-05,-3.2984751e-06,-0.0018471357,-7.055513e-05,0.00044772594,0.008543012,-9.7075455e-05,-7.520009e-05,0.00041265524,-1.650134e-05,-0.0025875107,0.0005237648,0.0034338345,0.001920148,-2.9473473e-05,-5.8253645e-05,-9.207396e-06,-8.878578e-05,-0.001604344,-0.0013539579,-0.00015279997,7.771577e-05,-0.00017476291,2.390209e-06,-1.7542241e-05,-1.911398e-05,-0.0003286175,-2.1709544e-05,8.593326e-06,0.0009389652,0.00016535787,-3.6949128e-05,-0.00035334198,-3.234244e-05,0.00035291046,-0.0004891896,-0.0005384041,0.00023648498,-0.00027360054,1.5896165e-05,-3.939486e-05,1.9740652e-05,1.8487398e-06,3.148217e-05,-0.00039819028,-1.853337e-05,0.00020691445,-1.7405211e-05,5.949143e-06,-1.7620738e-05,2.0420297e-05,-1.5977961e-05,0.00027910073,-0.0010042244,-0.00024820596,-5.7657497e-05,0.00058130414,0.00012221101,0.0014482345,0.0013964713,2.4789513e-05
BT*BT,-0.799044205059742,0.0151703125,0.0,-1.325171e-06,-0.00020662395,-5.0592258e-05,-1.0901927e-06,-2.1862577e-05,8.83787e-08,1.6794486e-06,8.6139494e-07,1.3455274e-05,6.9521075e-06,-5.9500985e-06,6.565531e-07,2.2207932e-06,-6.359787e-05,-2.1853684e-06,-2.001599e-06,-9.7075455e-05,0.00023013838,0.00012766688,0.00092892046,0.00017022625,0.0069986307,0.0034443855,0.0022564817,-6.362034e-05,6.686842e-05,4.4437293e-05,2.178847e-05,1.3058431e-05,0.0010537371,2.2446968e-05,-4.8532114e-05,3.112296e-06,-0.0002463932,-5.321954e-06,2.6909845e-06,-5.2406735e-06,-6.9766966e-06,-3.0643737e-06,-5.9490903e-06,-6.288761e-05,5.9530903e-05,-8.4069063e-07,-1.794328e-05,2.596339e-05,0.00055950764,-9.421578e-05,5.470145e-05,-4.515399e-06,0.00019610308,-6.2394463e-07,-3.0946424e-07,-1.173223e-05,-2.745571e-07,-6.026937e-06,1.3361199e-05,5.002132e-06,-0.00035375415,-1.1561271e-05,-4.024795e-06,-1.05508925e-05,-4.9603503e-05,-4.900381e-06,-5.7230973e-05,6.110169e-06,-0.0003812627,2.2865288e-07,2.685299e-05,5.5549044e-06,-0.0005908244,3.4547433e-05,-1.8592851e-06
BT*BU,-0.6160176626056082,0.021198297,1.1580741187002425e-185,-2.3477528e-06,-0.00017237739,-2.6950104e-07,4.965677e-07,-2.1588861e-05,-1.7227227e-07,1.8852188e-06,-1.9656868e-06,-7.2856795e-07,-1.3511799e-05,4.189049e-06,5.9565314e-06,-6.3188904e-06,5.3773732e-05,1.623239e-05,-1.5105855e-05,-7.520009e-05,0.00012766688,0.00044936777,0.00021970265,0.0001457498,5.50695e-06,9.495565e-05,0.0022987998,-1.2693724e-06,6.945877e-05,1.1190216e-05,-4.5969602e-05,1.6694681e-05,0.0010485983,-0.0006756863,-0.00014788561,-1.2130553e-06,-0.00021461435,-3.6905178e-06,-1.125453e-06,-3.4013265e-06,-8.157151e-06,2.0521882e-06,-5.4345455e-06,-1.926303e-06,-1.8653327e-05,6.6847715e-05,3.07909e-05,2.4184254e-05,-0.0011655092,0.00013209124,5.342145e-05,-4.632604e-06,0.00062856823,2.324265e-06,-5.7720257e-08,6.5405725e-06,5.327075e-07,-4.468024e-06,-3.5611225e-05,1.9349025e-06,-0.00014704699,-1.4783013e-05,-1.303122e-06,-1.585562e-05,5.3577016e-05,-7.5457656e-06,-0.00010340072,5.3697462e-05,-0.00053409394,1.3202039e-05,2.1411897e-05,-8.334505e-07,-0.0008560156,4.2402655e-05,4.0366003e-06
BT*CD,1.3624775508056497,0.25190437,6.348049962589118e-08,2.4361723e-05,-0.00088502775,0.0010406933,-0.0004806922,0.00039265514,-8.286669e-06,-0.00017121961,4.791916e-05,-0.00020274884,5.6827626e-05,8.466977e-05,0.00023416195,9.594131e-05,-0.001909906,0.00024098577,-0.00023714964,0.00041265524,0.00092892046,0.00021970265,0.063455805,-0.00040367426,0.008391762,0.034471523,0.01657903,-0.00046072426,-0.00082338514,-0.001249444,0.0035722293,-0.0011204501,-0.0032470096,-0.0025546358,0.002639677,-6.890277e-06,-0.010534374,0.0006108894,0.0011069782,0.00060662476,0.0016006381,0.0006623364,0.0006565192,4.110907e-05,-2.937441e-05,-0.00035044373,0.0038994674,-0.0006895082,-0.0065790894,0.0020026776,0.0010812252,-0.00020934503,0.009166331,8.6491505e-05,5.0452596e-05,-6.903638e-05,2.4487153e-05,-6.1540035e-05,7.714097e-06,-3.8919756e-05,-0.00036299514,0.00046556024,4.23035e-05,0.0006261162,-0.00054150086,0.00067946245,0.0014127992,0.0042734183,-0.0009722655,1.5172554e-05,-0.004490399,-0.0005084155,0.011574192,-0.007198635,-0.00010900333
BT*BV,-0.5141604765387777,0.06203604,1.1507861853242532e-16,2.6949847e-06,-0.00023109106,-4.80509e-06,-2.6467978e-06,0.00010454195,-8.981696e-07,-1.556449e-05,-1.2442697e-05,2.8629838e-05,-3.2177933e-05,8.889893e-06,-4.709359e-05,-7.9289915e-05,0.00022691996,4.122965e-05,0.0001566118,-1.650134e-05,0.00017022625,0.0001457498,-0.00040367426,0.0038484705,-0.021555657,-0.000268849,0.0033479538,-7.489312e-05,9.547684e-06,1.0909011e-05,-0.00026257779,0.0007495125,-0.010087189,0.0019810777,-0.00024197639,-2.9411642e-05,-0.00034180854,3.9916938e-07,8.3378345e-06,8.430573e-05,4.0761734e-05,6.034115e-06,-4.1939306e-06,0.00069970975,0.00033510942,3.8644997e-05,0.0005335959,-8.856026e-05,-0.00023143568,-0.0011832159,-0.0009063034,-4.0821407e-05,0.0011747178,-4.6531695e-05,8.271188e-06,0.00027203074,2.6292978e-06,-2.8865985e-05,2.5747056e-05,-2.8182652e-05,-0.00039693745,3.9236253e-05,2.0194946e-05,-0.00013387334,0.00014238339,4.9129572e-05,0.00065747177,0.00027912224,-0.00024604634,3.5686026e-06,-0.00046366552,-0.00027680642,0.0058847587,-0.00061389385,3.0379982e-05
BT*CS,2.7721082506886088,2.5948007,0.28537084511513444,0.0011778319,-0.006936855,0.0020207777,0.00065778417,0.004883924,-7.452342e-05,0.00040526158,0.00097304716,-0.0064169206,0.0073854607,-0.00075591577,-0.0028577193,-0.00021242532,0.045409333,-0.0029255433,-0.0019418941,-0.0025875107,0.0069986307,5.50695e-06,0.008391762,-0.021555657,6.7329903,0.10678808,-0.043549452,-0.006511778,-0.0049095303,-0.0024008318,-0.00052188267,-0.00812376,0.17097662,-0.009471585,0.01606089,-9.865148e-05,0.0111975735,-0.00026590622,-0.0015182956,-0.000119369266,0.0017475731,-0.0010354756,4.997417e-07,-0.0063968026,-0.0025181626,-0.0075901835,-0.013823985,-0.0051685064,0.20861322,-0.08596015,-0.01877807,0.000984208,-0.70697105,0.0011110384,0.0003973176,-0.0016992923,0.00023366339,0.00069296436,0.0027455394,0.00022193557,0.010346929,0.0002865849,-0.00060065236,0.004119125,-0.0012335902,-0.0012911133,-0.009823944,0.015611203,0.04627283,-0.0028610395,-0.015364394,-0.0011343195,0.11290634,-0.056964256,-0.0020724172
BT*DP,6.163983378415172,0.8483129,3.6983109146102734e-13,0.00031876768,-0.0028084365,0.0035175702,-0.00013360521,0.0030668855,0.00010581258,-0.0015883995,-0.00028665134,-0.0021563477,0.000444575,0.0010573323,-0.0014205488,0.0009242477,0.025495999,0.0031117145,-0.008321522,0.0005237648,0.0034443855,9.495565e-05,0.034471523,-0.000268849,0.10678808,0.7196348,0.07613601,-0.005375874,-0.0022178206,-0.0050152834,-0.0005906006,0.0011546054,-0.46178713,0.2676169,0.054411586,-0.0003530209,0.0017635545,0.0006401807,0.0001725626,0.00083335355,-0.0011439717,0.0020009405,0.0009074433,0.004547257,-0.001371652,-0.0014403944,0.011635334,-0.0048405468,-0.17346998,0.084155425,0.008231703,-0.00013450155,-0.025049165,-0.0011001441,-0.00056942884,-0.00069296383,-0.00032313974,0.0017944505,0.0013617367,-0.0005321996,-0.026337618,0.0028794722,0.0028585938,0.004259657,0.003981633,0.0052008196,0.012003191,0.0142969955,-0.002120699,0.00070325733,-0.012838916,-0.0020740812,0.11392182,-0.04326205,0.00055556826
BT*CH,5.017020113544161,0.88750577,1.5772301802442298e-08,0.0004095047,-0.0019176167,0.0028372763,0.0006099728,0.0020328132,2.6331862e-05,0.000109338725,-0.0022880773,-0.003948186,0.00024837046,0.0008478087,-0.00022836267,0.00041179318,0.014615844,0.0018013604,-0.005284309,0.0034338345,0.0022564817,0.0022987998,0.01657903,0.0033479538,-0.043549452,0.07613601,0.78766644,0.0003666506,-0.0008414479,-0.004156435,0.0061386554,-0.0022680492,-0.15899506,0.053595733,0.16383718,-0.00038429548,-0.0019345356,-4.167058e-06,-0.0012594818,-0.00055767444,-0.0034401543,-0.001397704,0.000920613,-0.0049523166,-0.0008191603,0.001000245,0.0007583669,-0.0028802422,-0.07409944,-0.0040913452,0.019577196,-0.001257108,-0.007362881,4.1468385e-05,-3.697253e-05,-0.0010431557,-8.1336155e-05,-0.004309875,0.013775527,0.0004206442,-0.0027326,0.00047427273,-0.00025588818,0.0020337617,0.0043641534,-0.00030828392,-0.014419098,-0.0038598408,-0.049982436,-0.00093180465,0.0046294145,0.0035387557,0.029231045,-0.0008557895,0.0049884636
BU*CA,-0.28314247343137133,0.102223,0.00560819570697309,6.738627e-07,3.980426e-05,-7.601254e-06,4.430237e-05,7.0058936e-06,-4.2183632e-07,3.346785e-05,-5.066847e-05,-0.00015543973,6.597908e-05,0.00018336988,0.0004187363,-9.7204786e-05,-0.009005839,-0.0003289674,0.0021791384,0.001920148,-6.362034e-05,-1.2693724e-06,-0.00046072426,-7.489312e-05,-0.006511778,-0.005375874,0.0003666506,0.010449543,-6.870445e-05,-0.0002114449,0.00029820518,0.00014614142,-0.0135228485,-0.0021816764,0.0019188805,0.00050603837,-2.3383047e-06,-8.478403e-06,-0.00012591576,-0.00010002074,-0.0018867404,-0.00016569931,-0.00027415119,0.0042965184,-9.363242e-05,0.00012694378,-0.0013355967,-6.884174e-05,-0.0015465964,-0.002728123,-0.0025172536,0.0013439322,-0.0007698476,8.395284e-05,-0.00022595537,0.00020931134,3.5685073e-06,4.2332154e-05,-0.0024054605,2.7187677e-06,2.5031017e-05,-0.0001478248,-1.2145204e-05,4.4027015e-06,-6.995036e-05,-0.00013210293,0.0008769155,-0.0035526936,0.00022933482,-0.00030394772,0.0017612106,0.00037979757,0.010307306,0.0045563793,0.000112769536
BU*BT,-0.761060450539727,0.015842516,0.0,-6.8948407e-06,-4.805382e-05,-0.00021483767,-2.370933e-05,-6.413275e-05,-1.111833e-06,-9.2306655e-06,-4.0807377e-06,6.223552e-05,2.0128076e-05,-1.3457265e-05,4.2944203e-06,-2.6676587e-06,-0.00029769266,-6.668336e-06,2.1303153e-05,-2.9473473e-05,6.686842e-05,6.945877e-05,-0.00082338514,9.547684e-06,-0.0049095303,-0.0022178206,-0.0008414479,-6.870445e-05,0.0002509853,0.00018500515,0.00016737382,0.0001583793,0.0031865102,0.00011139987,3.2988308e-05,1.2120544e-05,-2.6135878e-05,-7.4967315e-06,5.159906e-05,6.4387223e-06,9.53156e-05,2.9789166e-05,3.290743e-06,-9.967061e-05,9.031968e-05,2.8536382e-05,-8.264873e-05,8.9321074e-05,0.0007930642,-0.00046488823,5.8030055e-05,-2.0155117e-05,-9.222116e-05,-4.860038e-06,3.3365172e-06,-1.3164327e-05,3.409231e-06,-1.0420537e-05,5.7089786e-05,1.0356979e-05,-7.79452e-05,-4.579825e-05,3.1721252e-06,-5.5885288e-05,7.1488575e-05,3.2410935e-05,-2.291509e-05,7.987904e-05,-0.00018380051,-1.4568595e-06,1.23426325e-05,-1.0696652e-05,-0.0016840275,0.00015491016,8.991937e-06
BU*BU,-0.9735584378137813,0.020070957,0.0,-8.425796e-06,-3.8778162e-05,-0.0002644349,-3.6365673e-05,-7.905001e-05,-1.380051e-06,-1.2735238e-05,-1.1990399e-05,0.0001136621,2.3878786e-06,3.3063677e-07,8.0855125e-06,-8.608046e-06,-0.0007547732,-8.689076e-06,3.255301e-05,-5.8253645e-05,4.4437293e-05,1.1190216e-05,-0.001249444,1.0909011e-05,-0.0024008318,-0.0050152834,-0.004156435,-0.0002114449,0.00018500515,0.00040284332,-0.00039217575,0.00018035942,0.0032778527,-0.0015977365,-0.0016630056,2.2166829e-05,-4.6493333e-06,9.997905e-07,8.18331e-05,1.0685828e-05,8.485874e-05,3.6774774e-05,-7.4643963e-06,-6.599746e-05,3.2254553e-05,2.9999852e-05,-0.00022539242,0.00012209902,0.0016374013,-0.0010012481,-3.9985604e-05,-2.7340735e-05,-0.0007406898,-5.3905037e-06,1.7944996e-06,-3.2934647e-06,4.2030806e-06,-1.8411025e-05,5.3679334e-05,1.7502447e-05,3.9575145e-05,-6.923262e-05,-4.6342866e-06,-8.174334e-05,0.00018418906,4.6185913e-05,-9.558039e-05,0.00020687094,6.622583e-05,-4.1880758e-05,-0.00017969502,-5.2506686e-05,0.00053612574,-0.00034250904,2.5298179e-05
BU*CD,0.01881186938500611,0.07625143,0.8051338998947247,-1.04055725e-05,-1.6675242e-05,-6.126763e-05,-9.682025e-06,-1.756055e-05,-7.180771e-06,1.3298782e-05,5.634921e-06,0.0001645563,1.0609482e-05,6.330064e-05,0.0001560987,1.9842739e-05,-0.0007803655,-0.00010828684,9.052902e-05,-9.207396e-06,2.178847e-05,-4.5969602e-05,0.0035722293,-0.00026257779,-0.00052188267,-0.0005906006,0.0061386554,0.00029820518,0.00016737382,-0.00039217575,0.0058142813,-0.00015617884,-0.0027948478,0.0016859266,0.00700518,-0.00014908118,3.3307144e-05,0.0001157606,6.121956e-05,5.0041675e-05,0.00061924505,-9.5599775e-05,1.8745963e-05,-0.0010269451,1.620712e-05,-3.6701067e-06,0.0018131529,-3.715045e-05,-0.0038457948,0.0002642481,0.0011572816,-0.0003820607,-0.00091791677,6.299083e-05,0.00014527443,-0.00012425648,1.9736675e-05,-4.1860392e-05,0.00021792336,-2.8689932e-05,1.47628525e-05,-4.661794e-05,-8.487725e-05,5.0597147e-05,0.00034444188,-2.7209757e-05,3.7577174e-05,-5.973564e-05,-8.596778e-05,-1.3019024e-05,-0.00026099724,0.00010410756,-0.0035256874,0.0014814474,-1.3098295e-05
BU*BV,-0.7385158884017274,0.038065083,7.509890176678243e-84,-5.013657e-06,-2.1004571e-05,-0.00021555448,-2.5106268e-05,-2.574456e-05,-2.0364855e-06,-9.425389e-06,-2.5790016e-05,0.00013340867,2.4499359e-05,1.5508966e-05,-6.369963e-05,-0.00017725809,-0.00035366087,9.521579e-05,0.0002247807,-8.878578e-05,1.3058431e-05,1.6694681e-05,-0.0011204501,0.0007495125,-0.00812376,0.0011546054,-0.0022680492,0.00014614142,0.0001583793,0.00018035942,-0.00015617884,0.0014489506,-0.013398706,0.003815636,0.00022254304,-3.6874146e-05,-3.0570136e-05,-4.6448317e-06,5.0907372e-05,0.00016405154,0.00018177177,5.8651105e-05,1.843458e-05,0.0010555852,3.3530027e-06,0.0002873902,0.0009281939,7.802467e-05,-0.0012348844,-0.000108046675,-0.00084154797,-7.737151e-05,-0.0021342132,-6.545978e-05,1.2904439e-05,0.0005158993,6.023309e-06,-1.07571495e-05,-0.00019573756,-2.1595997e-05,-0.00013874266,-1.8185046e-05,1.2400595e-05,-0.0001049903,0.00016957059,2.9366087e-05,3.6293113e-05,6.9831585e-05,4.0238272e-05,3.5028424e-05,-0.00017164196,-0.00029207088,0.003968427,-0.0004213226,5.7411795e-05
BU*CS,-7.357429484334672,1.260688,5.345500036378831e-09,1.1987841e-05,-0.0010113304,-0.0024172554,-0.0011027241,-0.0050065485,0.00019116921,-0.00029985813,0.0011660826,-0.00851874,-0.0010166268,-0.0039118486,0.003796125,-0.0013348567,-0.025023138,0.001379864,0.017630914,-0.001604344,0.0010537371,0.0010485983,-0.0032470096,-0.010087189,0.17097662,-0.46178713,-0.15899506,-0.0135228485,0.0031865102,0.0032778527,-0.0027948478,-0.013398706,1.5893341,-0.4582839,-0.15187114,4.3972726e-05,0.0010504825,0.00093073637,0.0020972157,0.00017973731,0.017272662,0.0020272294,-0.002047334,-0.014760392,0.003732544,0.0016838138,-0.021009011,0.0070482,0.49487805,-0.055210114,-0.026695242,-0.000292422,0.15359223,0.006464731,0.0002553648,0.00032094045,-0.00058698456,0.0032626076,-0.022369185,0.0005833237,0.008435071,-0.00075902516,4.132236e-05,-0.0030482858,-0.006837867,0.0012108991,-0.008279255,0.039209627,-0.0006165717,0.00013065105,-0.006585483,-0.00045320066,-0.33707035,-0.0040883888,-0.0024052535
BU*DP,2.242260367455384,0.5220703,1.747408881984094e-05,0.00019308492,5.4423348e-05,-0.00014171268,0.0003233572,0.0021996635,9.800555e-05,-0.00039341717,-0.0003158776,-0.00046675495,0.0002136368,0.0010178862,-0.0012016242,0.000854899,0.017536808,0.00053179613,-0.0056440816,-0.0013539579,2.2446968e-05,-0.0006756863,-0.0025546358,0.0019810777,-0.009471585,0.2676169,0.053595733,-0.0021816764,0.00011139987,-0.0015977365,0.0016859266,0.003815636,-0.4582839,0.2725574,0.056772687,-0.00029170056,-0.00031420332,-7.579919e-05,-0.0008807075,0.00014474898,-0.0012760519,0.0009403256,0.00012405495,0.0023555688,-0.0019085547,-0.0013157493,0.007617296,-0.003428357,-0.14821285,0.061807625,0.006881715,-0.0001349307,-0.054725397,-0.0011736804,-0.0004215561,-0.00090593274,-0.0003005477,0.0022418855,0.0006327198,-0.00013504109,-0.0035242306,0.001086472,0.0009788371,0.0022438334,0.0018451213,0.0012045081,0.004645366,-0.0017274208,-9.4151226e-05,0.0002832862,-0.0020571582,-7.869747e-05,0.09000391,-0.014005799,0.0006380238
BU*CH,2.10670682387438,0.37702233,2.3002933984039106e-08,0.0002179621,5.7050343e-05,0.00023055293,0.0002758869,0.0015665826,9.253302e-06,3.3991808e-05,-0.00061285065,-0.0016572416,-1.8076336e-05,0.0006978653,-0.00036692625,0.000467984,0.00545348,0.001223866,-0.00760581,-0.00015279997,-4.8532114e-05,-0.00014788561,0.002639677,-0.00024197639,0.01606089,0.054411586,0.16383718,0.0019188805,3.2988308e-05,-0.0016630056,0.00700518,0.00022254304,-0.15187114,0.056772687,0.14214584,-0.0002264612,-1.8371685e-06,-6.601203e-05,-0.00048753954,-0.00033894493,-0.0033410683,-0.0009419203,0.0024287892,-0.003936008,-0.0018579074,0.00076168706,-0.0013799052,-0.0020287158,-0.05792312,-0.012165983,0.016083194,-0.0011685846,-0.01836941,-0.00024192195,-8.889181e-05,-0.001028663,-2.875338e-05,-0.0037924908,0.020096181,0.00021953668,-0.0007340331,-5.5981713e-05,-8.131435e-05,0.0012706352,0.0024731688,-0.00013112054,-0.00224516,-0.00851123,-0.0009862689,-0.0018671554,0.0039957934,0.001857692,0.0011683002,0.0061274758,0.0013353355
CD*CA,-0.3571149243099936,0.03876152,3.1675015102829875e-20,2.8216548e-06,-3.0124438e-06,-2.1221795e-05,-4.7327747e-05,-1.5154547e-05,-1.6295978e-06,-1.9181183e-05,-8.675023e-06,6.498703e-05,-4.2988145e-06,8.658094e-06,0.00021676937,-6.080412e-06,-0.001313315,0.00022674851,-0.00028889795,7.771577e-05,3.112296e-06,-1.2130553e-06,-6.890277e-06,-2.9411642e-05,-9.865148e-05,-0.0003530209,-0.00038429548,0.00050603837,1.2120544e-05,2.2166829e-05,-0.00014908118,-3.6874146e-05,4.3972726e-05,-0.00029170056,-0.0002264612,0.0015024554,5.9859874e-05,1.7643522e-05,-7.034598e-05,2.9043222e-06,-0.00050483027,-0.00044694476,-0.00058478065,0.00031839873,9.908385e-06,-1.8592747e-05,-5.2690706e-05,1.5574999e-05,0.00040303834,-0.00017373882,-2.5619192e-05,0.00072613155,-5.8597223e-05,-2.936624e-05,-8.8506866e-05,-3.012025e-05,4.1377034e-06,-0.00053187035,0.00018685612,0.00045188135,2.748618e-05,3.0740134e-06,-0.00016333294,-1.1153046e-05,-2.5215031e-06,8.5160966e-05,-0.00055440614,0.00040049286,1.3132957e-05,-4.8855054e-06,-0.000104362975,-6.879948e-05,0.0009093687,-0.0005994033,1.773875e-05
CD*BT,-0.9254791861349809,0.07818145,2.495506926585844e-32,-9.637587e-06,0.00020584934,6.845388e-06,-0.00024972786,3.782743e-05,-3.5505986e-06,-7.82359e-05,-4.5447023e-06,0.00014130087,-3.2631826e-05,4.887634e-06,-1.314312e-05,7.3049505e-06,-0.0012154093,5.4249642e-05,3.888435e-05,-0.00017476291,-0.0002463932,-0.00021461435,-0.010534374,-0.00034180854,0.0111975735,0.0017635545,-0.0019345356,-2.3383047e-06,-2.6135878e-05,-4.6493333e-06,3.3307144e-05,-3.0570136e-05,0.0010504825,-0.00031420332,-1.8371685e-06,5.9859874e-05,0.0061123394,0.00019594155,0.00055815023,0.00022262835,0.0007892489,0.000386323,0.00036586638,0.00017436687,-0.00012074597,-5.013703e-05,0.0002784214,-5.464051e-05,0.00053580536,-0.00041459713,-7.489044e-05,-7.1410736e-06,-0.0015549214,-5.5913692e-06,-1.0577968e-05,-1.2035925e-05,1.1162287e-05,-8.001215e-06,0.00016261694,5.1457914e-07,0.00012569263,7.755577e-05,4.7349367e-05,0.00010918686,-3.4898836e-05,0.00029521828,0.00043485838,0.0007060244,0.00066715374,-1.3019553e-06,-0.0008310065,-8.542335e-05,0.0010010583,-0.0013229614,9.465412e-06
CD*BU,-0.5006746228504431,0.015393453,4.700851240862156e-232,-6.496273e-06,4.0689097e-06,5.9401254e-06,-0.00016555113,-8.495056e-07,-2.8442657e-06,-5.191667e-05,-6.607141e-06,6.811057e-05,4.0977684e-06,1.4338498e-05,2.9571862e-05,9.529022e-06,-0.0011639681,5.1083432e-05,6.637161e-05,2.390209e-06,-5.321954e-06,-3.6905178e-06,0.0006108894,3.9916938e-07,-0.00026590622,0.0006401807,-4.167058e-06,-8.478403e-06,-7.4967315e-06,9.997905e-07,0.0001157606,-4.6448317e-06,0.00093073637,-7.579919e-05,-6.601203e-05,1.7643522e-05,0.00019594155,0.00023695838,0.000356993,0.00014175987,0.0003863274,0.0002610537,0.0002172361,3.2789976e-05,-1.3897101e-06,1.6822654e-05,0.0001836221,-8.4249405e-06,1.26334635e-05,0.00026451392,2.2083637e-05,-3.2639597e-05,0.00020090296,2.606813e-05,-1.5487962e-05,-1.349654e-05,8.716633e-06,1.648562e-05,5.7164875e-06,-1.3238329e-05,4.9160917e-05,0.00010539493,3.4787532e-05,4.3225424e-05,-0.00014671813,0.00019133638,0.0003019288,0.00042982586,-5.24645e-06,2.6980462e-05,-0.00049814914,-4.831656e-05,0.00018791098,-0.00069077924,1.374009e-05
CD*CD,-1.2183019020716197,0.035062253,1.547928371045169e-264,-1.6397622e-05,-4.1651374e-06,-6.426259e-05,-0.00042564637,-3.7551883e-05,-6.3855286e-06,-0.00014132007,-2.0524432e-05,0.00026408143,1.3037149e-05,7.350476e-06,6.705301e-05,1.1514268e-05,-0.0028119967,1.0448938e-07,-4.263786e-05,-1.7542241e-05,2.6909845e-06,-1.125453e-06,0.0011069782,8.3378345e-06,-0.0015182956,0.0001725626,-0.0012594818,-0.00012591576,5.159906e-05,8.18331e-05,6.121956e-05,5.0907372e-05,0.0020972157,-0.0008807075,-0.00048753954,-7.034598e-05,0.00055815023,0.000356993,0.0012293617,0.00037471706,-0.0002354319,0.00040489115,0.00031359654,0.00014487078,2.763654e-05,2.068812e-05,0.00046819643,3.6004847e-05,0.00030530608,7.870631e-05,0.00012685983,-6.003135e-05,0.00015280955,-1.1091275e-05,6.228045e-06,-2.14594e-05,1.9967592e-05,-0.00010851633,0.00040471865,-6.696086e-05,0.00014981019,0.00014053837,0.00014518893,8.387138e-05,-0.0005198128,0.0005222026,0.0010321848,0.0011238423,1.85672e-05,3.9809896e-05,-0.0012497001,-0.00015370113,0.00018048706,-0.00175817,4.3042855e-05
CD*BV,-0.5799958907763612,0.02192386,3.195481513352054e-154,-5.346927e-06,2.9721916e-06,-9.979446e-06,-0.00017239961,3.9755505e-05,-2.5133243e-06,-5.4845237e-05,-7.069027e-07,3.2328207e-05,7.293891e-06,4.670346e-06,2.7799206e-05,1.1858053e-05,-0.00059264177,6.0937935e-05,-0.00012596238,-1.911398e-05,-5.2406735e-06,-3.4013265e-06,0.00060662476,8.430573e-05,-0.000119369266,0.00083335355,-0.00055767444,-0.00010002074,6.4387223e-06,1.0685828e-05,5.0041675e-05,0.00016405154,0.00017973731,0.00014474898,-0.00033894493,2.9043222e-06,0.00022262835,0.00014175987,0.00037471706,0.0004806557,0.00035056975,0.00030121295,0.00029773405,0.00029256978,-5.3288728e-05,-3.0466736e-05,0.0007565405,-4.7907346e-05,-0.0003486255,-1.4339721e-05,-6.734026e-05,-2.7611022e-05,-1.254528e-05,-7.846684e-06,-2.149214e-05,0.000111784735,7.7985915e-06,3.215549e-05,-3.184289e-05,-1.1405978e-05,4.4875305e-05,5.1884275e-05,3.877103e-05,0.0001980587,-1.5757621e-05,0.00020349557,0.0002941855,0.0005303846,1.4073861e-05,-3.9718743e-06,-0.0006067741,-8.136474e-05,0.001008729,-0.00096231577,1.2032691e-06
