Param name,Param value,Param stdv,Param p-value,CA,BT,BU,CD,BV,CS,DP,CH,CA*CA,CA*BT,CA*BU,CA*CD,CA*BV,CA*CS,CA*DP,CA*CH,BT*CA,BT*BT,BT*BU,BT*CD,BT*BV,BT*CS,BT*DP,BT*CH,BU*CA,BU*BT,BU*BU,BU*CD,BU*BV,BU*CS,BU*DP,BU*CH,CD*CA,CD*BT,CD*BU,CD*CD,CD*BV,CD*CS,CD*DP,CD*CH,BV*CA,BV*BT,BV*BU,BV*CD,BV*BV,BV*CS,BV*DP,BV*CH,CS*CA,CS*BT,CS*BU,CS*CD,CS*BV,CS*CS,CS*DP,CS*CH,DP*CA,DP*BT,DP*BU,DP*CD,DP*BV,DP*CS,DP*DP,DP*CH,CH*CA,CH*BT,CH*BU,CH*CD,CH*BV,CH*CS,CH*DP,CH*CH
CA,0.35877434759553184,0.016720843,3.95265890239324e-102,0.0002795866,1.7763934e-05,6.3110383e-06,1.0432109e-05,8.149266e-06,-5.16353e-06,-1.0602509e-05,3.4984758e-05,-0.00017717712,-0.00024964643,-0.00023934577,-0.00038421902,-0.00019140399,-0.0069868458,-0.0008757641,-0.0001250099,1.3555426e-05,-1.1175386e-05,-1.2620134e-05,-3.5913406e-05,5.072325e-07,-0.0006992786,4.2602784e-05,-7.0054784e-06,-8.479843e-05,-5.1375214e-06,5.632491e-06,-2.0481913e-05,2.5326306e-06,-0.00028499274,2.926776e-05,-1.4047942e-05,-1.7274719e-05,-8.64537e-06,-1.13996175e-05,-5.392713e-06,-1.1646625e-05,-0.00014257834,-5.8200726e-06,3.5195306e-05,-4.5287255e-05,-2.7678889e-06,1.0137717e-07,-4.984615e-06,-8.396599e-06,-0.00063150376,1.6371556e-05,9.108146e-05,2.0220277e-05,5.138769e-06,5.2278597e-06,1.213793e-05,5.0138774e-06,0.00016483587,1.040663e-05,8.187802e-06,1.5484942e-05,1.3572299e-05,1.12522785e-05,3.12572e-05,5.9512377e-06,0.00014732071,1.2827953e-05,6.7754634e-05,-2.8473605e-05,-3.338489e-05,-2.571233e-05,-4.4073284e-05,-3.450525e-05,-7.161479e-05,-0.00065721344,8.247353e-08
BT,1.5855449126340324,0.03431183,0.0,1.7763934e-05,0.0011773017,0.00059153046,9.2103444e-05,0.00023952774,3.853025e-05,7.318501e-05,9.109999e-05,-6.126316e-05,-3.6770825e-06,9.076053e-06,-1.18952e-05,-1.0105491e-05,-0.0002638505,-4.6529283e-05,-2.4905557e-05,-0.00034340736,-0.0010832517,-0.00092786347,-0.00055554707,-0.001512165,0.0005778899,-0.0004935275,-0.00028251542,-0.00011559264,-0.00047202877,-0.00067567825,-0.00032433707,-0.0005493635,0.0012979646,0.0002829493,0.0010411754,-0.00010546817,-1.7382084e-05,-3.516313e-05,-0.0002064847,-1.786683e-05,-0.00023697392,-5.3829376e-06,0.00031790885,-0.00033805816,-9.497156e-05,-0.00016651841,-0.0002660002,-0.00015619867,0.00046046617,-0.00093549455,-0.0004383708,-4.903398e-05,-8.996698e-06,-6.3234424e-06,-2.44065e-05,-1.0440236e-05,-0.0015434644,-8.867533e-06,1.2231385e-05,-9.057683e-05,-2.5777635e-07,-3.2429484e-06,-8.8988694e-05,-2.7764801e-05,0.000108244516,-0.00015086318,-8.1020145e-05,-0.00039908552,0.00018088733,-3.246998e-05,-0.00010012005,-5.333535e-05,-0.00028126288,0.0009388394,4.7081835e-06
BU,1.2774436760638144,0.029969754,0.0,6.3110383e-06,0.00059153046,0.0008981862,3.6946178e-05,0.0001968923,4.124141e-05,4.495298e-05,1.6893577e-05,-6.9895716e-05,9.202538e-06,2.7181604e-05,2.4363508e-06,-6.7612416e-07,-6.151675e-05,1.7905155e-05,-1.9769688e-05,-8.220616e-05,-0.0005672455,-0.0003963484,-0.00026767477,-0.00027538394,0.0007005831,0.00034583957,0.0024381906,-0.00018498255,-0.0007574425,-0.000950392,-0.00056255376,-0.0008398067,-0.00096239627,-0.0010184442,0.000990994,-7.60586e-05,-2.0776855e-05,3.4143297e-06,-8.058976e-05,-4.817909e-06,-0.00013729066,6.096503e-06,0.00036261365,-0.00028630137,-7.5745185e-05,-0.00011461106,-0.00023410193,-0.000120863806,0.00055821537,-0.00091130065,-0.00043031204,-4.525449e-05,-1.876987e-05,-4.100728e-06,-2.9361803e-05,-1.2918441e-05,-0.0018424693,-1.35686e-05,4.084488e-05,-6.545101e-05,1.3857427e-05,4.3770844e-05,-4.5735822e-05,-4.668223e-06,0.00016561814,-0.000108865665,-6.1791216e-05,-0.00042261794,0.0001255287,5.262187e-05,5.9442253e-05,1.363402e-05,-8.35205e-05,0.0011968048,6.7500456e-05
CD,0.6702110827859353,0.026230028,5.312197570190797e-144,1.0432109e-05,9.2103444e-05,3.6946178e-05,0.0006880143,4.335046e-05,4.794293e-05,0.00010339372,-7.600363e-09,-7.899634e-05,-6.8809313e-06,-1.704711e-05,2.7802467e-05,-1.1639313e-05,-0.00013112104,0.00012632873,-2.936037e-05,-0.00022051074,-7.721065e-05,-7.068596e-05,-0.00015473452,-7.5063275e-05,0.00014646738,4.1732572e-05,2.334551e-05,-0.00024544811,-2.7897948e-05,-2.5868103e-05,1.9003446e-05,-4.277524e-05,0.00076096493,0.00028396878,5.0535367e-05,-0.0005968577,-0.0006394652,-0.00045128245,-0.0013590313,-0.00023578796,-0.0045209727,-0.00017716574,0.0003137555,-0.0003344483,-2.9082381e-05,-3.2598666e-05,-0.00011021362,1.235994e-05,0.00073299964,0.001271729,-0.000272485,-0.00011778015,-4.4430803e-05,-4.3469892e-05,-2.367173e-05,-3.3116903e-05,0.0003254971,1.4785096e-05,-9.7029166e-05,-0.00020705709,-0.000101065634,-8.345974e-05,-0.00015963147,-6.185729e-05,-0.00012597928,0.00015176968,-0.00032340758,-0.00046397248,1.9049025e-05,3.7006703e-06,7.279971e-05,5.794971e-05,-0.00015482923,0.0030009279,-0.00013424059
BV,1.2617159676931886,0.023837587,0.0,8.149266e-06,0.00023952774,0.0001968923,4.335046e-05,0.0005682306,2.0219797e-05,0.00014282361,0.00037828606,-4.7222074e-06,8.3120485e-06,-7.9020714e-07,-8.893784e-06,2.9271316e-05,-0.0003137982,-0.000100387544,1.093718e-05,-0.00019818028,-0.0002312176,-0.00017385659,-0.00014847021,9.492611e-05,0.00096682744,-0.00010085445,0.00023025098,-0.00020435141,-0.00015946446,-0.00020010535,-0.00017180353,-4.1635016e-05,-0.00026688134,0.0001577795,9.872947e-05,-6.474258e-05,-3.7077825e-05,-3.4259665e-05,-7.055297e-05,-3.1850006e-05,-0.00013667092,-2.0940373e-05,-0.00023083261,-0.00031928162,-0.0005638751,-0.00047463976,-0.00053198717,-0.00041299884,-0.00049839105,-0.0055597196,-0.0007468338,-3.1376596e-05,-9.310314e-06,-6.8367995e-06,-2.6087585e-06,1.1670888e-05,-0.0010460467,-1.3778879e-05,-2.2215474e-05,-0.00011299937,-0.00014264358,-0.000115346156,-0.0001926038,-0.00013255856,-7.871552e-05,-0.00033507953,-0.00016572278,-0.00019627891,-0.00033309552,-0.00031558293,-0.00072582194,-0.00037451636,-0.00055298425,-0.0034168044,-2.4782669e-06
CS,0.2972029863866036,0.015997985,4.8851436238470104e-77,-5.16353e-06,3.853025e-05,4.124141e-05,4.794293e-05,2.0219797e-05,0.00025593556,1.8314082e-05,-6.493744e-05,0.00010667201,6.626734e-06,-1.129455e-06,-5.0620815e-06,8.042442e-06,-0.0015970459,-0.00012896814,3.119387e-07,-3.7626254e-05,-3.6601894e-05,-2.7301186e-05,-1.7353723e-05,-1.0764661e-05,-2.6063713e-05,5.035128e-05,0.00024889037,-3.4185083e-05,-3.314085e-05,-5.2338662e-05,-5.1721086e-06,-2.5720854e-05,0.00023427146,0.00012125157,0.00021629083,-1.7859587e-05,-4.5078068e-05,-2.5644025e-05,-0.00011846263,-8.4625333e-07,-0.00014754687,-1.2642771e-06,0.0003711774,-4.7868074e-05,-1.4963253e-05,-1.5762662e-05,-1.5962454e-05,-1.5273043e-05,0.0006267342,0.00029024814,-0.00013062487,-0.00013633218,-0.00021119468,-0.0001930708,-0.00028620948,-0.0001387407,-0.009266757,-0.0002191147,-7.366054e-05,-1.6757733e-05,-1.4313719e-05,-1.3524462e-05,-2.0255371e-05,-9.336731e-06,-5.2321742e-05,-3.904933e-05,-9.439106e-05,-5.158954e-05,8.0422564e-05,5.9628568e-05,0.00017729175,8.150591e-05,-1.1364011e-05,0.0011647551,1.1700299e-05
DP,0.6498819582605765,0.019902684,7.269302898074964e-234,-1.0602509e-05,7.318501e-05,4.495298e-05,0.00010339372,0.00014282361,1.8314082e-05,0.0003961168,0.00017728512,0.00021801381,2.064545e-05,-1.1901349e-05,-2.7723872e-06,5.5744254e-06,-0.0013251427,-0.00047956326,2.978491e-05,-0.00015873686,-6.261572e-05,-6.8897905e-05,-5.3145828e-05,-7.633058e-05,0.00045943444,-1.00304105e-05,-8.3364546e-05,-0.00022666702,-3.657773e-05,-3.7673253e-05,1.1779933e-05,-0.00010682882,0.0007261555,-4.0490195e-05,-8.053978e-05,-0.00018636006,-9.619343e-05,-6.545951e-05,-0.00021181161,-4.2189808e-05,-0.00024838132,-6.371212e-05,0.0008610385,-0.0003009469,-0.00014630069,-0.00015308471,-0.00016037721,-9.850518e-05,0.00025346383,0.0035767748,-0.00023111187,-3.606428e-05,-1.445566e-05,-1.3567886e-05,-3.573215e-06,-1.4843201e-05,-0.00032592795,2.2696588e-05,1.2646219e-05,-0.00031138016,-0.0004096301,-0.00037149552,-0.0005766494,-0.00030961205,-0.0008218621,-0.00094010355,-0.00081667776,-0.0005368766,-0.00016056042,-0.0001915333,-6.964121e-05,-8.817679e-05,-0.0004997023,0.0069820564,-0.0003135647
CH,1.1961364501245761,0.044149753,1.1999938829327806e-161,3.4984758e-05,9.109999e-05,1.6893577e-05,-7.600363e-09,0.00037828606,-6.493744e-05,0.00017728512,0.0019492008,-8.0287886e-05,-2.6964004e-05,-2.610095e-05,-5.792295e-05,-3.2571406e-06,0.0003649936,-8.989635e-05,0.0001340462,-0.00035483038,-6.624037e-05,-7.65354e-05,-8.14793e-05,-6.165988e-06,-0.0008760685,0.00014785693,-0.0037166246,-0.00057652825,-2.346189e-05,9.3870876e-05,-7.228092e-05,8.790727e-05,-0.0009711694,-0.00031929984,-0.0035594774,3.642047e-05,-3.2055598e-06,-1.2728829e-05,0.000106895925,-0.00010383934,0.0007938916,-5.6601446e-05,-0.0033270712,0.00015100212,-0.0003491779,-0.0003428431,3.5257373e-05,-0.0005468665,-0.005683039,0.0018788006,0.0017198962,4.146928e-05,4.97511e-05,5.2139538e-05,6.519451e-05,5.2193576e-05,0.0036353322,-3.5775953e-05,-0.00063580566,-9.5936884e-05,-0.0001400119,-0.00018263492,-3.5121127e-05,-0.000110091714,-0.0014694047,-0.00075841765,0.0008188366,0.0009829076,-0.0019568466,-0.0017415514,-0.0041601127,-0.001755121,0.00047865644,-0.01938086,-0.0023436085
CA*CA,-1.5668233862847933,0.09678535,6.065263921379272e-59,-0.00017717712,-6.126316e-05,-6.9895716e-05,-7.899634e-05,-4.7222074e-06,0.00010667201,0.00021801381,-8.0287886e-05,0.009367404,0.00026725174,-0.00028432853,-0.0011504092,-3.6968875e-05,-0.026276568,-0.007620693,0.0006317642,-5.7272697e-05,7.571135e-05,-9.834795e-06,-0.00013654954,-5.831067e-05,-0.00028758316,-0.00024611581,-0.00016240645,0.00044843814,5.4229215e-05,6.216559e-05,-3.9916384e-05,-4.160007e-05,0.0009523121,1.15232915e-05,3.947032e-05,0.00027959226,7.330224e-05,2.0614718e-05,0.00017656601,-2.3800423e-05,-4.1071566e-05,-6.515595e-06,0.00043296738,-0.00012577022,-1.5380594e-05,-4.172969e-05,-0.0001324561,1.8949724e-05,0.00082076335,0.0022376347,-0.00014055149,-0.00030532762,-8.7913824e-05,-0.00010045331,-0.00015004464,-7.3985626e-05,-0.003388718,-2.193771e-06,3.3240125e-05,-0.000205856,-0.00023782895,-0.00023436459,-0.00033220823,-0.00019374122,-0.00044697517,-0.0005181882,-0.00057226454,-2.2560569e-05,6.400067e-05,2.421479e-05,0.0003161412,0.00010195206,0.00011720494,0.0057569533,-3.1374339e-06
CA*BT,-0.27205098904575603,0.020309167,6.426142609379229e-41,-0.00024964643,-3.6770825e-06,9.202538e-06,-6.8809313e-06,8.3120485e-06,6.626734e-06,2.064545e-05,-2.6964004e-05,0.00026725174,0.00041246228,0.00018006122,0.00034154812,0.00018568768,0.0032289193,0.00081834604,0.00016666499,0.0012948164,1.3960691e-05,-1.9404735e-05,3.353878e-05,-5.0229217e-05,0.00043046087,-3.0657302e-05,0.00015564544,8.116448e-05,3.7242182e-06,-3.0219471e-05,2.204769e-05,-2.6548456e-05,0.00032595661,-3.771711e-05,0.00012664338,1.2205554e-05,1.0908455e-05,7.273166e-06,-5.6091375e-07,9.411505e-06,9.580083e-05,4.6453597e-06,1.6105276e-05,-2.0395459e-05,-8.205196e-06,-1.4651551e-05,-1.4683988e-05,-2.1963507e-07,0.00046683353,-0.0001141566,-0.00010813213,-2.5950812e-05,-5.6841936e-06,-5.7572256e-06,-1.1475344e-05,-7.106134e-06,-0.0002577582,-8.320299e-06,8.956133e-06,-2.4471829e-05,-3.96584e-05,-1.7727636e-05,-4.5725385e-05,-1.8100536e-05,-0.000105499224,-3.51201e-05,-8.3706196e-05,1.5590918e-05,3.6903522e-05,1.8728751e-05,4.0270363e-05,2.4436642e-05,6.199929e-05,0.00076076714,8.039229e-06
CA*BU,-0.15251939458946653,0.020473944,9.373805560087732e-14,-0.00023934577,9.076053e-06,2.7181604e-05,-1.704711e-05,-7.9020714e-07,-1.129455e-06,-1.1901349e-05,-2.610095e-05,-0.00028432853,0.00018006122,0.00041918235,0.00034831124,0.00016062205,0.0066662687,0.0010510522,6.251444e-05,0.00023583426,-2.4451443e-05,3.2983535e-05,2.8799863e-05,-2.2190801e-05,0.00040949386,-4.0429522e-06,0.000120450575,0.00023484536,-2.6473635e-05,-2.6037234e-05,-5.1346474e-06,-3.6573758e-05,-0.0002380247,-3.3311392e-06,0.00010267821,9.860108e-06,1.3614507e-05,3.0015372e-05,2.0680269e-05,8.82294e-06,0.000102415186,7.6450215e-06,-9.353692e-05,0.00020494145,9.753845e-07,8.948441e-06,5.7256443e-06,-9.049045e-06,2.5482896e-05,-0.0002583965,-5.4907956e-05,-4.364892e-06,7.1352343e-07,1.205308e-06,-2.5519923e-06,-5.0135236e-07,-4.3612872e-05,-7.9089805e-06,6.4906594e-06,-5.641844e-06,1.4033676e-05,5.5891214e-06,7.869208e-06,2.0152072e-05,-5.7206213e-05,3.0445794e-05,-1.7016926e-05,1.635543e-05,3.108174e-05,2.488615e-05,1.7794904e-05,3.4057033e-05,-8.859202e-05,-4.1568568e-05,-5.5101714e-06
CA*CD,-0.13550565418346983,0.036512658,0.00020628176621835742,-0.00038421902,-1.18952e-05,2.4363508e-06,2.7802467e-05,-8.893784e-06,-5.0620815e-06,-2.7723872e-06,-5.792295e-05,-0.0011504092,0.00034154812,0.00034831124,0.0013331742,0.0002697398,0.010747066,0.0018776222,0.0001497116,-3.5053912e-05,-2.6462664e-07,5.2563632e-06,0.00019541896,-7.1328095e-06,0.0008350329,-9.7067805e-06,0.00017300599,0.000106993466,2.2724757e-06,-4.2569736e-05,0.00013369799,-7.644116e-06,0.0001623067,-3.7622307e-05,0.00016735352,6.779679e-07,-2.8441797e-05,3.9214424e-07,-8.1404236e-05,2.2617918e-05,-4.6721314e-05,-5.6046947e-06,0.00017689876,5.213864e-05,4.4776375e-06,-5.048214e-06,7.666157e-05,3.5399676e-06,0.0006590041,-0.00011868835,-0.00012761581,1.5515272e-05,3.3484241e-06,4.4719986e-06,2.389408e-06,-8.257919e-06,0.00011929994,-1.7116367e-05,3.064792e-05,-9.169538e-06,1.1795269e-06,5.672798e-06,-3.6269415e-05,5.3568265e-06,-0.00016257341,7.370253e-05,-2.0515414e-05,6.5147666e-05,6.0390863e-05,4.152635e-05,0.00010361387,3.8977374e-05,7.3731826e-05,0.0010171969,4.2277316e-05
CA*BV,-0.23029842789552094,0.02147766,7.964699355273543e-27,-0.00019140399,-1.0105491e-05,-6.7612416e-07,-1.1639313e-05,2.9271316e-05,8.042442e-06,5.5744254e-06,-3.2571406e-06,-3.6968875e-05,0.00018568768,0.00016062205,0.0002697398,0.0004612899,-0.0014502984,0.0010781179,4.156202e-05,-3.2846507e-05,7.5365356e-06,-1.3852566e-06,3.4380973e-05,7.4568175e-05,-0.00012204026,1.8224501e-06,4.994187e-05,5.1883508e-05,1.7286728e-06,-1.5120906e-05,2.0519483e-05,4.378808e-05,4.638943e-05,-5.2964187e-05,3.898492e-05,1.5071806e-05,1.0289176e-05,9.592575e-06,8.304206e-06,2.9407496e-05,8.626852e-05,3.868835e-06,-0.00010716324,8.669853e-05,-3.4083874e-05,-3.3502823e-05,-1.1158544e-05,-2.6298321e-06,9.6168864e-05,-0.00058202696,-4.841951e-05,-1.2568043e-05,-6.9983707e-06,-7.0143137e-06,-2.1522877e-05,-1.06690795e-05,-0.00017160198,-1.6696787e-05,2.4451897e-06,-3.4071793e-06,-8.504918e-06,-6.51529e-06,-2.7573886e-05,-1.9556152e-05,7.30845e-05,-6.348724e-06,-6.0616003e-06,7.5140124e-05,-2.8093373e-06,-4.0850573e-06,-4.4469605e-05,-7.7832765e-06,1.2634091e-05,3.0913172e-05,9.335118e-05
CA*CS,5.063725402228118,1.0286705,8.540539799928588e-07,-0.0069868458,-0.0002638505,-6.151675e-05,-0.00013112104,-0.0003137982,-0.0015970459,-0.0013251427,0.0003649936,-0.026276568,0.0032289193,0.0066662687,0.010747066,-0.0014502984,1.058163,0.003207395,-0.011633961,0.005060009,-0.00023650375,0.0001248074,-8.967926e-05,-0.0004577717,0.0955059,-0.0048487084,-0.006183137,0.00321923,-0.00013000194,-7.633771e-05,-0.0007559147,0.0004306974,0.029760504,-0.00024683907,-0.0072478717,-6.062342e-06,0.00010172142,0.0001236009,-4.83306e-05,0.0002915797,0.012582318,7.693185e-05,-0.011411279,0.007778081,-2.1350132e-05,-7.6086886e-05,0.0003902229,4.3158867e-05,0.06487029,-0.025547853,-0.0018206527,0.0025415015,0.0012552913,0.0012343621,0.0016549706,0.0013864294,0.0586596,0.0006327432,-0.0037129598,0.0015116861,0.0013620976,0.0011355372,0.0019471707,0.0018476414,-0.010402218,0.0031935016,0.0020501027,0.0010117842,-9.669196e-05,-0.0003775899,-0.0034290447,0.00022990075,0.012361442,-0.045208946,-0.0013441478
CA*DP,1.0411568558297712,0.15397497,1.3623316278835696e-11,-0.0008757641,-4.6529283e-05,1.7905155e-05,0.00012632873,-0.000100387544,-0.00012896814,-0.00047956326,-8.989635e-05,-0.007620693,0.00081834604,0.0010510522,0.0018776222,0.0010781179,0.003207395,0.02370829,-7.650923e-05,-0.0003415472,4.1723626e-05,8.993552e-05,9.8256976e-05,0.0001430584,-0.0029606365,0.00055274554,-0.0005717777,-0.000131254,-1.5106362e-05,9.098604e-06,1.1761382e-05,7.439543e-05,-0.0014419075,-4.9128826e-06,-0.00057665614,0.00018393267,-0.00012781855,-2.9424573e-05,-0.00037819293,3.231996e-05,4.8800695e-05,0.000116730975,-0.001511028,9.285466e-05,0.00013266224,0.00014924021,0.00016927173,7.6052194e-05,-0.002572689,-0.004986076,-0.00022757358,0.00020111227,0.000109451765,0.00011911658,0.00017950154,9.0983754e-05,0.003359266,-0.0001542077,-6.4310334e-05,0.0004680621,0.0004995698,0.00046749605,0.00059970265,0.0003429468,0.0007501955,0.001285765,0.00066893094,0.00081301335,5.315392e-05,0.00014234593,-0.0003455057,-1.9783503e-05,-0.00047789878,-0.010936633,-0.00013754214
CA*CH,-0.0976196159063556,0.046375964,0.03529466420302122,-0.0001250099,-2.4905557e-05,-1.9769688e-05,-2.936037e-05,1.093718e-05,3.119387e-07,2.978491e-05,0.0001340462,0.0006317642,0.00016666499,6.251444e-05,0.0001497116,4.156202e-05,-0.011633961,-7.650923e-05,0.00215073,-8.6872686e-05,2.7475642e-05,1.6845108e-05,1.6914984e-05,-1.6460001e-06,-0.00079313474,-3.475089e-05,0.00018457722,1.9835652e-05,1.9213718e-05,2.2387172e-05,8.206595e-06,-1.2467515e-05,-0.00048335557,-0.00013555247,7.242199e-05,1.2096812e-05,2.7422217e-05,1.1700137e-05,7.404911e-05,-8.27014e-07,3.0903695e-05,1.2978015e-06,-0.0001731652,2.9743249e-05,-1.1286941e-05,-1.2823077e-05,-1.9888448e-05,-7.25608e-06,-0.0008611277,6.3162456e-06,0.00034321335,-1.734748e-05,-5.1580546e-06,-4.6874025e-06,-2.5526675e-05,9.92626e-06,0.00091899105,1.5336446e-06,-0.000114810035,-2.547113e-05,-3.6393263e-05,-3.18629e-05,-6.3226486e-05,-1.9440997e-05,0.00023307506,-3.5198802e-05,3.9726838e-05,-0.00011083489,-0.00013424497,-0.00011918511,-0.0002665886,-0.00012086235,-0.00012780684,-0.0012490352,3.309887e-05
BT*CA,-1.4099945758994235,0.24664505,1.0861565393945836e-08,1.3555426e-05,-0.00034340736,-8.220616e-05,-0.00022051074,-0.00019818028,-3.7626254e-05,-0.00015873686,-0.00035483038,-5.7272697e-05,0.0012948164,0.00023583426,-3.5053912e-05,-3.2846507e-05,0.005060009,-0.0003415472,-8.6872686e-05,0.06083378,-0.0005327997,0.00026386065,0.0018938371,0.0017786176,-0.002314525,0.0036679006,0.01411949,0.010550981,0.00024520326,-0.0007113201,0.0009636024,-0.0003771201,0.00383848,-0.0055110175,0.0052722157,0.0010471365,0.00016600548,0.00016362393,0.0003222786,8.3542895e-05,2.3384653e-06,4.2553475e-07,0.0005581958,0.004662056,0.00042444433,8.557596e-06,0.0003455648,-7.328249e-05,-0.0059932778,-0.001318707,0.00074177,0.00051945774,7.83812e-05,2.0054113e-06,2.834346e-05,3.6787224e-05,-0.0012425018,-0.00010879909,0.00017474708,0.00061448023,7.0125534e-05,4.7139742e-06,0.00031261664,0.00018607575,0.00028696138,-0.000119563396,0.00013961748,0.0004023474,0.00043489644,0.00013978344,0.00070774264,0.00049684674,-0.0016233854,0.00017674861,0.0003890079
BT*BT,-1.4216975329903225,0.033232033,0.0,-1.1175386e-05,-0.0010832517,-0.0005672455,-7.721065e-05,-0.0002312176,-3.6601894e-05,-6.261572e-05,-6.624037e-05,7.571135e-05,1.3960691e-05,-2.4451443e-05,-2.6462664e-07,7.5365356e-06,-0.00023650375,4.1723626e-05,2.7475642e-05,-0.0005327997,0.001104368,0.00071790203,0.00022235663,0.0012232218,-0.0040644794,-0.000121043624,-0.00048555015,-0.0001178032,0.0004622406,0.00069556356,0.00023216891,0.0005126329,-0.0027448614,-0.00015862763,-0.0013551842,7.836662e-05,2.964076e-05,1.8236202e-05,0.00018340186,4.2269735e-06,0.00015673919,3.1093196e-06,-0.00037693707,0.00027907494,0.00012539615,0.00014763535,0.00023991511,0.00015327234,-0.000568397,0.001327049,0.00044633567,3.87672e-05,1.2813422e-05,2.035858e-06,1.8152836e-05,8.4132935e-06,0.001705392,1.09604525e-05,-3.063537e-05,7.648823e-05,-4.8066554e-06,-6.704167e-06,7.292232e-05,2.8303471e-05,-0.00016019445,0.00014298536,8.901821e-05,0.000384346,-0.00022525212,5.5767987e-07,5.1877047e-05,3.5888563e-05,0.00027924936,-0.0007229062,-4.1777188e-05
BT*BU,-1.252865613719554,0.039240893,1.1073596384897488e-223,-1.2620134e-05,-0.00092786347,-0.0003963484,-7.068596e-05,-0.00017385659,-2.7301186e-05,-6.8897905e-05,-7.65354e-05,-9.834795e-06,-1.9404735e-05,3.2983535e-05,5.2563632e-06,-1.3852566e-06,0.0001248074,8.993552e-05,1.6845108e-05,0.00026386065,0.00071790203,0.0015398477,0.00044677398,0.0013458345,-0.00076810113,0.0005029735,-0.0005388888,-1.3814595e-05,0.00042761496,0.0005217962,0.00011017474,0.00044810775,-0.0024466692,-0.0003517096,-0.001115013,6.426929e-05,-1.1444234e-05,6.0425784e-05,0.00014716032,1.37295265e-05,-4.0046612e-05,7.7844015e-06,-0.00021111878,0.00013369761,6.713936e-06,0.00018038569,0.0001472187,0.00013190949,-0.0007182759,0.0004111129,0.00019874764,3.6809848e-05,6.1249652e-06,2.0474958e-05,1.4587686e-05,2.6460173e-06,0.0009400068,4.3739483e-06,-6.64766e-06,5.5972454e-05,3.8347287e-07,4.654573e-05,7.971758e-05,2.9993394e-05,-0.00019858361,0.00016272493,7.0702234e-05,0.00024838105,-0.00038171338,8.706395e-05,8.6492524e-05,3.3023032e-05,0.00022567096,-0.00094989664,-5.192153e-05
BT*CD,-0.6952456543100431,0.073600784,3.514493906610903e-21,-3.5913406e-05,-0.00055554707,-0.00026767477,-0.00015473452,-0.00014847021,-1.7353723e-05,-5.3145828e-05,-8.14793e-05,-0.00013654954,3.353878e-05,2.8799863e-05,0.00019541896,3.4380973e-05,-8.967926e-05,9.8256976e-05,1.6914984e-05,0.0018938371,0.00022235663,0.00044677398,0.0054170755,0.00073415216,0.014035963,0.002823523,0.0076516294,0.0017319014,0.0003393921,-0.00035375194,0.0018230977,0.0002094556,0.0015614913,-2.4236593e-05,0.004874618,0.00022355339,0.00027923772,0.00014216932,0.00032002522,0.00014325939,8.36963e-05,1.7776818e-05,0.00094663637,0.0005128262,0.000103396946,0.00010320937,0.00081989553,-0.000108693515,-0.0021864825,-0.0010817205,0.0011301759,5.760288e-05,3.3389082e-05,1.0886641e-05,0.00017278393,1.6857563e-05,-0.0037759983,-1.2853115e-05,0.0002749766,9.209371e-05,6.549364e-05,-1.1450399e-05,0.00019672561,-0.00010652074,2.9357912e-05,-0.00020543106,0.00021728619,9.552921e-06,0.00013263086,5.546367e-05,0.00027810968,-4.1244017e-05,0.0002477331,-0.0017698985,0.0006097934
BT*BV,-1.2027492574996999,0.08259965,4.958616520892597e-48,5.072325e-07,-0.001512165,-0.00027538394,-7.5063275e-05,9.492611e-05,-1.0764661e-05,-7.633058e-05,-6.165988e-06,-5.831067e-05,-5.0229217e-05,-2.2190801e-05,-7.1328095e-06,7.4568175e-05,-0.0004577717,0.0001430584,-1.6460001e-06,0.0017786176,0.0012232218,0.0013458345,0.00073415216,0.006822702,-0.0102840625,0.0012895425,0.004153794,-9.020837e-05,0.00025020534,0.0002857919,1.9240433e-05,0.0012555423,-0.012517761,-0.00035246694,-0.00082520867,4.7966085e-05,-7.617403e-05,9.587827e-07,0.00016085737,9.476331e-05,-0.0001261622,3.3343108e-06,-0.00043318217,-6.3423345e-06,0.00028654683,7.0445312e-06,-8.300511e-05,1.48081135e-05,0.00027365558,-0.0033761116,-0.0005316232,4.5752467e-06,-1.3565765e-05,-8.766706e-06,-1.0838986e-06,5.1381478e-05,0.00016890554,-4.3463324e-06,-5.314966e-05,5.3053212e-05,0.00013388625,3.8376787e-05,7.9911704e-05,4.787921e-05,-0.00016413472,0.00018915674,0.000118629854,-9.895883e-05,-0.00015160975,5.787213e-05,-6.318691e-05,-3.1268377e-05,0.0014427473,-0.0024982793,-5.531199e-05
BT*CS,-1.092861534775829,0.95131594,0.2506428887299952,-0.0006992786,0.0005778899,0.0007005831,0.00014646738,0.00096682744,-2.6063713e-05,0.00045943444,-0.0008760685,-0.00028758316,0.00043046087,0.00040949386,0.0008350329,-0.00012204026,0.0955059,-0.0029606365,-0.00079313474,-0.002314525,-0.0040644794,-0.00076810113,0.014035963,-0.0102840625,0.905002,0.016055042,0.018128393,0.004389923,-0.0010642343,-0.0052015213,0.0046262755,-0.0074321646,0.5720994,-0.01941451,0.016977953,-0.00023351023,-0.00033380123,-8.210323e-05,-0.00085938186,0.00030499743,0.028161176,2.9021212e-05,0.0020479744,-0.006094931,-0.00025541824,-0.00076474325,-0.0014428576,-0.00022192064,0.09617764,-0.039170735,-0.0082076145,-0.000106201886,0.00034422107,0.00028942677,-6.81233e-05,4.892662e-05,0.009049262,8.4507796e-05,0.0003521392,-0.00032259413,0.00010092577,-0.00026829357,-0.0010095107,-0.0009112953,0.020767778,-0.0010268736,-0.006216927,0.0036876928,0.00076388253,0.0010896474,0.0013685252,0.0010068424,-0.008617092,-0.017777933,0.0009283874
BT*DP,-0.23891874564154517,0.21097809,0.25745205241362,4.2602784e-05,-0.0004935275,0.00034583957,4.1732572e-05,-0.00010085445,5.035128e-05,-1.00304105e-05,0.00014785693,-0.00024611581,-3.0657302e-05,-4.0429522e-06,-9.7067805e-06,1.8224501e-06,-0.0048487084,0.00055274554,-3.475089e-05,0.0036679006,-0.000121043624,0.0005029735,0.002823523,0.0012895425,0.016055042,0.044511758,0.0071869786,-0.00027191016,-0.00026097265,-0.00062482146,9.2644754e-05,2.1902472e-06,-0.011288858,0.0075071016,0.0018213202,-4.62951e-05,-3.799458e-05,-1.757115e-05,-9.1644215e-05,-2.7533419e-05,5.2582345e-05,3.7522135e-05,0.00012653609,0.00016194419,1.9432e-05,9.92542e-05,0.00037860393,-0.00014522935,-0.004143834,0.010144135,0.0009906443,-5.5138527e-05,-4.0841856e-05,-1.2347361e-05,-9.044903e-06,-1.6098213e-05,-0.0027483145,1.5628673e-05,-0.00010978028,-2.1150743e-05,-1.7818373e-05,7.944773e-05,0.00015545075,0.00013267892,-0.0007317523,-0.00017710883,0.00085708895,-0.00049010024,0.00012544476,-0.00011819412,-0.0001863273,-0.00013654226,-0.0011182916,0.0059499266,-0.00013908313
BT*CH,1.8029570267095198,0.37545875,1.5708007680087995e-06,-7.0054784e-06,-0.00028251542,0.0024381906,2.334551e-05,0.00023025098,0.00024889037,-8.3364546e-05,-0.0037166246,-0.00016240645,0.00015564544,0.000120450575,0.00017300599,4.994187e-05,-0.006183137,-0.0005717777,0.00018457722,0.01411949,-0.00048555015,-0.0005388888,0.0076516294,0.004153794,0.018128393,0.0071869786,0.14096926,0.011462274,-0.0011660225,-0.007245915,0.0058572963,-0.003569592,0.033642817,0.012194434,0.07696585,-0.0002444552,0.00022619171,0.0002862312,-0.0004994947,0.00037243133,-0.0046363105,0.00015540628,0.016346958,0.0017311809,0.00026978407,0.0008582433,0.0006859679,-0.00043710845,-0.012566882,-0.02699313,0.0028874516,-0.0002589993,2.1904902e-05,0.00016392789,0.0003150077,-0.00022786538,-0.029982759,-0.00032590193,0.00376261,-0.00044276164,0.00024101941,0.0007225458,1.38300675e-05,-0.00048485506,0.0007855821,0.00022839,-0.0012543156,-0.0031265256,0.0030942285,0.0038994933,0.009028649,0.0034265155,-0.0059492732,0.023546595,0.010326519
BU*CA,-0.7740850370835587,0.12664837,9.834042512301003e-10,-8.479843e-05,-0.00011559264,-0.00018498255,-0.00024544811,-0.00020435141,-3.4185083e-05,-0.00022666702,-0.00057652825,0.00044843814,8.116448e-05,0.00023484536,0.000106993466,5.1883508e-05,0.00321923,-0.000131254,1.9835652e-05,0.010550981,-0.0001178032,-1.3814595e-05,0.0017319014,-9.020837e-05,0.004389923,-0.00027191016,0.011462274,0.016039807,0.0003665343,-0.0015057469,0.0020471455,-1.1438925e-05,0.006059983,-0.0010823542,0.012375046,0.0010377985,0.0002754424,0.00014097508,0.00039421345,8.71663e-05,-0.0010105696,1.5821977e-05,0.000937189,0.005149029,0.00022396925,0.00017578168,0.00035837977,-8.501258e-05,-0.0076981005,-0.0023708649,0.000527931,0.00055942254,5.5168723e-05,1.1582324e-05,3.8514823e-05,3.3573775e-05,-0.002648251,-9.102745e-05,0.00032100704,0.0006304469,0.00025216973,0.00014710038,0.00044377256,0.00021441003,-0.00015040346,-2.6730811e-05,0.00034700826,-0.00055205554,0.0006978486,0.00048089455,0.0012958549,0.000709969,-0.0009747203,0.0031470724,0.0006017463
BU*BT,-1.011310010561381,0.02703911,3.659874970521224e-306,-5.1375214e-06,-0.00047202877,-0.0007574425,-2.7897948e-05,-0.00015946446,-3.314085e-05,-3.657773e-05,-2.346189e-05,5.4229215e-05,3.7242182e-06,-2.6473635e-05,2.2724757e-06,1.7286728e-06,-0.00013000194,-1.5106362e-05,1.9213718e-05,0.00024520326,0.0004622406,0.00042761496,0.0003393921,0.00025020534,-0.0010642343,-0.00026097265,-0.0011660225,0.0003665343,0.00073111354,0.00070326217,0.00060227414,0.0007375051,-0.00046118107,0.0011666693,-0.0001104943,6.059612e-05,3.70311e-05,-1.2268687e-05,5.907222e-05,8.565579e-06,-3.071323e-05,-5.513314e-06,-0.00020698062,0.00026107693,9.6224365e-05,8.462595e-05,0.00021668502,8.9291076e-05,-0.0009612802,0.00053735543,0.00042211084,3.872711e-05,2.6499274e-05,-1.0348116e-06,3.2420223e-05,9.828463e-06,0.0011772306,6.16178e-06,-6.767305e-06,4.683416e-05,-7.1075997e-06,-4.4063097e-05,3.831231e-05,-6.388127e-06,-0.00021635454,8.8503126e-05,7.136701e-05,0.00029846572,-0.00018913277,-3.8775062e-05,-1.7861606e-05,-8.490266e-06,9.330615e-05,-0.0008564144,1.3055093e-05
BU*BU,-1.383624982766217,0.04130389,5.041329234178851e-246,5.632491e-06,-0.00067567825,-0.000950392,-2.5868103e-05,-0.00020010535,-5.2338662e-05,-3.7673253e-05,9.3870876e-05,6.216559e-05,-3.0219471e-05,-2.6037234e-05,-4.2569736e-05,-1.5120906e-05,-7.633771e-05,9.098604e-06,2.2387172e-05,-0.0007113201,0.00069556356,0.0005217962,-0.00035375194,0.0002857919,-0.0052015213,-0.00062482146,-0.007245915,-0.0015057469,0.00070326217,0.0017060116,-0.00038134857,0.0008755449,-0.008781581,-0.0014366037,-0.005984872,2.530734e-05,-1.702291e-05,1.5175963e-05,8.028296e-05,-4.5843157e-05,0.00015350846,-1.121635e-05,-0.00091186806,4.6290053e-05,3.27096e-05,0.00012454171,3.405255e-05,0.00019087148,-0.00025132674,0.0017119453,0.00018561583,2.893705e-05,9.1380925e-06,1.5309812e-05,-8.980225e-06,1.0570084e-05,0.0038706951,3.1981002e-05,-0.00018842325,6.0782553e-05,-4.675119e-05,-3.912039e-05,1.3914641e-05,4.0926232e-05,-0.00035147602,0.00015929782,1.6038603e-05,0.0006177712,-0.00030084784,-0.00015725705,-0.00034652004,-0.00010361626,0.00049361016,-0.0023045326,-0.00046508462
BU*CD,-0.7380856015577794,0.05224741,2.5989715206501388e-45,-2.0481913e-05,-0.00032433707,-0.00056255376,1.9003446e-05,-0.00017180353,-5.1721086e-06,1.1779933e-05,-7.228092e-05,-3.9916384e-05,2.204769e-05,-5.1346474e-06,0.00013369799,2.0519483e-05,-0.0007559147,1.1761382e-05,8.206595e-06,0.0009636024,0.00023216891,0.00011017474,0.0018230977,1.9240433e-05,0.0046262755,9.2644754e-05,0.0058572963,0.0020471455,0.00060227414,-0.00038134857,0.002729792,0.00027802156,0.012185303,0.0034292587,0.0070312778,0.00010076719,8.0959535e-06,3.803784e-05,-7.794145e-05,0.000119254866,-0.0004868715,-4.1160456e-06,0.0014576446,0.0002583825,0.00014008123,0.00010222359,0.0009331278,-0.000119379314,-0.0014565263,0.0005731478,0.0012717119,3.165524e-05,2.6157173e-05,3.446547e-06,0.00019264693,6.0049842e-06,-0.0042986074,-4.104233e-06,0.00028858156,8.034462e-06,-1.7660856e-05,-7.965771e-05,7.533832e-05,-0.00016807095,0.00014156915,-0.0002362106,9.772094e-05,-0.00014898641,7.404292e-05,3.858668e-05,0.00030849013,-3.2780572e-05,-0.00022361585,0.00029973104,0.0006166882
BU*BV,-1.050323085366741,0.045899857,6.873047124712316e-116,2.5326306e-06,-0.0005493635,-0.0008398067,-4.277524e-05,-4.1635016e-05,-2.5720854e-05,-0.00010682882,8.790727e-05,-4.160007e-05,-2.6548456e-05,-3.6573758e-05,-7.644116e-06,4.378808e-05,0.0004306974,7.439543e-05,-1.2467515e-05,-0.0003771201,0.0005126329,0.00044810775,0.0002094556,0.0012555423,-0.0074321646,2.1902472e-06,-0.003569592,-1.1438925e-05,0.0007375051,0.0008755449,0.00027802156,0.002106797,-0.010774473,0.00048630495,-0.002062067,5.4845932e-05,2.3334598e-05,-4.4530385e-05,9.6876145e-05,6.9476155e-05,-0.00015385878,-5.2293312e-06,-0.00089575694,0.00025161658,-2.7189675e-05,0.0001007654,0.0001488236,3.1579548e-05,-0.00037872285,0.00084765203,-6.476759e-05,1.1088883e-05,2.419102e-06,-5.33978e-06,7.315748e-06,6.469778e-05,0.0011496866,9.589224e-06,-0.00017610012,8.250445e-05,9.224159e-05,1.4647724e-05,0.00016363745,0.000115777446,-0.00040213243,0.00019956798,0.00046015513,1.2396582e-05,-0.00016621746,-7.9024765e-05,-0.00030495206,-0.00012215399,0.0011375622,-0.0016235851,-0.00029490737
BU*CS,-1.9714063101366177,1.047099,0.0597367578087687,-0.00028499274,0.0012979646,-0.00096239627,0.00076096493,-0.00026688134,0.00023427146,0.0007261555,-0.0009711694,0.0009523121,0.00032595661,-0.0002380247,0.0001623067,4.638943e-05,0.029760504,-0.0014419075,-0.00048335557,0.00383848,-0.0027448614,-0.0024466692,0.0015614913,-0.012517761,0.5720994,-0.011288858,0.033642817,0.006059983,-0.00046118107,-0.008781581,0.012185303,-0.010774473,1.0964162,0.0012376093,0.034505587,-0.00058694475,-0.00074268325,-0.00039638783,-0.0023825897,0.00022277987,0.030312436,7.9216676e-05,0.004754029,-0.009078515,0.00032330683,0.00042908773,0.0010218429,-0.00014303013,0.124325596,0.001986491,-0.0057727457,-0.00053124543,0.00011433781,0.00043342114,-0.00028871238,-0.00017159236,0.0033837222,0.00011757191,0.00010547546,-0.0006262121,-0.0005230137,-0.00032125507,-0.001209487,-0.0009949587,0.029477093,-0.0020116295,-0.006740239,0.008874478,0.00043010098,0.0013874819,0.0015082075,0.0010265327,-0.040721938,-0.00026463415,0.00085744204
BU*DP,0.009074359710550386,0.2529314,0.9713806233945754,2.926776e-05,0.0002829493,-0.0010184442,0.00028396878,0.0001577795,0.00012125157,-4.0490195e-05,-0.00031929984,1.15232915e-05,-3.771711e-05,-3.3311392e-06,-3.7622307e-05,-5.2964187e-05,-0.00024683907,-4.9128826e-06,-0.00013555247,-0.0055110175,-0.00015862763,-0.0003517096,-2.4236593e-05,-0.00035246694,-0.01941451,0.0075071016,0.012194434,-0.0010823542,0.0011666693,-0.0014366037,0.0034292587,0.00048630495,0.0012376093,0.06397429,0.019383792,-0.00010747672,-0.00017881481,-0.00016595876,-0.0007483428,5.0008908e-05,0.000777115,5.7124405e-05,0.0013704568,-0.0013016323,-0.00022567788,1.0766307e-05,0.00017057394,-0.00018826683,0.0030928913,0.00066415884,-0.00044575866,-6.900027e-05,-9.856945e-05,-7.575473e-06,-2.4709538e-05,-7.506399e-05,-0.0065445337,3.745998e-05,0.0001626691,4.380537e-05,8.108183e-06,0.00026582484,0.00010167048,-2.6811971e-05,0.0004505793,9.143526e-05,0.00037090637,-0.00042274367,0.00036616722,0.0005714918,0.0006736794,0.0001432558,-0.0006253338,0.006471151,0.00084135303
BU*CH,1.661793600872443,0.2764024,1.8299369056207574e-09,-1.4047942e-05,0.0010411754,0.000990994,5.0535367e-05,9.872947e-05,0.00021629083,-8.053978e-05,-0.0035594774,3.947032e-05,0.00012664338,0.00010267821,0.00016735352,3.898492e-05,-0.0072478717,-0.00057665614,7.242199e-05,0.0052722157,-0.0013551842,-0.001115013,0.004874618,-0.00082520867,0.016977953,0.0018213202,0.07696585,0.012375046,-0.0001104943,-0.005984872,0.0070312778,-0.002062067,0.034505587,0.019383792,0.0763983,-0.00030364367,0.00018546922,0.00019613355,-0.0004855049,0.0003196734,-0.003754981,0.00010887218,0.013454741,0.0015522762,0.00020638652,0.00092164095,0.00069870334,-0.00027608045,-0.011846117,-0.02433585,0.0024788266,-0.00026002663,-2.4247944e-05,0.00014316231,0.00025880197,-0.00020557387,-0.026082749,-0.00027496787,0.0033949185,-0.0004922748,0.00014280259,0.00062904356,-0.00013595256,-0.00045161165,0.00075798616,0.00055005646,-0.0014067527,-0.003213202,0.003992487,0.0037086867,0.008394944,0.0033522306,-0.005505492,0.023923477,0.009277994
CD*CA,-0.4042790082069138,0.086537905,2.9871910308428743e-06,-1.7274719e-05,-0.00010546817,-7.60586e-05,-0.0005968577,-6.474258e-05,-1.7859587e-05,-0.00018636006,3.642047e-05,0.00027959226,1.2205554e-05,9.860108e-06,6.779679e-07,1.5071806e-05,-6.062342e-06,0.00018393267,1.2096812e-05,0.0010471365,7.836662e-05,6.426929e-05,0.00022355339,4.7966085e-05,-0.00023351023,-4.62951e-05,-0.0002444552,0.0010377985,6.059612e-05,2.530734e-05,0.00010076719,5.4845932e-05,-0.00058694475,-0.00010747672,-0.00030364367,0.0074888095,0.0005254611,0.0006152084,-0.00018448857,0.00064918026,0.00031999729,-5.423463e-05,0.0030552892,0.0017963679,4.6738478e-05,-3.9644956e-06,0.000294943,-0.00010004539,-0.0006911534,-0.003031936,0.00037125146,0.0011081381,5.173059e-05,5.2674266e-05,0.00011983974,2.5856689e-05,-0.00991961,-0.0001870925,0.0004194571,0.0022782302,0.00019887098,0.00012340031,0.00062467053,4.2361236e-05,-0.0005624033,-0.0016927638,0.00064217224,0.003071896,-5.5474113e-05,-8.8649176e-05,-0.00060727476,-0.0003114961,0.0012188363,-0.007280735,0.000160879
CD*BT,-0.5213549177668261,0.02865617,5.8149158017014005e-74,-8.64537e-06,-1.7382084e-05,-2.0776855e-05,-0.0006394652,-3.7077825e-05,-4.5078068e-05,-9.619343e-05,-3.2055598e-06,7.330224e-05,1.0908455e-05,1.3614507e-05,-2.8441797e-05,1.0289176e-05,0.00010172142,-0.00012781855,2.7422217e-05,0.00016600548,2.964076e-05,-1.1444234e-05,0.00027923772,-7.617403e-05,-0.00033380123,-3.799458e-05,0.00022619171,0.0002754424,3.70311e-05,-1.702291e-05,8.0959535e-06,2.3334598e-05,-0.00074268325,-0.00017881481,0.00018546922,0.0005254611,0.00082117604,0.00037712094,0.0012783129,0.00020348257,0.0032760238,0.00016156906,-0.00040025235,0.00029430122,3.636709e-05,2.4471843e-05,9.013094e-05,-1.2806727e-05,-0.000766481,-0.0012235215,0.00026366062,0.0001084766,5.4533153e-05,3.829331e-05,1.849104e-05,3.2591764e-05,-0.00039301737,-1.1059259e-05,9.63765e-05,0.00017825497,0.00010218317,7.6433826e-05,0.00013508636,5.79517e-05,8.222075e-05,-0.00011139252,0.0003021633,0.0003790462,-3.214336e-05,-2.5897116e-06,-7.408799e-05,-4.6757134e-05,0.00011602362,-0.0027093054,0.00014393935
CD*BU,-0.2059264330385436,0.025865497,1.7005754974048004e-15,-1.13996175e-05,-3.516313e-05,3.4143297e-06,-0.00045128245,-3.4259665e-05,-2.5644025e-05,-6.545951e-05,-1.2728829e-05,2.0614718e-05,7.273166e-06,3.0015372e-05,3.9214424e-07,9.592575e-06,0.0001236009,-2.9424573e-05,1.1700137e-05,0.00016362393,1.8236202e-05,6.0425784e-05,0.00014216932,9.587827e-07,-8.210323e-05,-1.757115e-05,0.0002862312,0.00014097508,-1.2268687e-05,1.5175963e-05,3.803784e-05,-4.4530385e-05,-0.00039638783,-0.00016595876,0.00019613355,0.0006152084,0.00037712094,0.0006690239,0.00058704265,0.0002495389,0.003325784,0.00019766098,-8.4324165e-05,0.00021839683,2.2511222e-05,5.5428827e-05,9.4379975e-05,-1.7676633e-05,-0.00030561912,-0.0007456665,0.00018260657,0.00010042075,2.7844155e-05,5.354781e-05,1.899693e-05,2.9688705e-05,-0.0019918364,5.960532e-06,0.00011097166,0.00020547445,6.4616106e-05,7.708031e-05,6.812204e-05,3.1796208e-05,0.00017238289,-0.00023299287,0.00019593316,0.00033655472,-2.8565714e-06,3.3656586e-05,-0.00028808232,-3.4968514e-05,0.00015645038,-0.0018452316,9.394551e-05
CD*CD,-1.5316390203708439,0.06261512,3.827797475590007e-132,-5.392713e-06,-0.0002064847,-8.058976e-05,-0.0013590313,-7.055297e-05,-0.00011846263,-0.00021181161,0.000106895925,0.00017656601,-5.6091375e-07,2.0680269e-05,-8.1404236e-05,8.304206e-06,-4.83306e-05,-0.00037819293,7.404911e-05,0.0003222786,0.00018340186,0.00014716032,0.00032002522,0.00016085737,-0.00085938186,-9.1644215e-05,-0.0004994947,0.00039421345,5.907222e-05,8.028296e-05,-7.794145e-05,9.6876145e-05,-0.0023825897,-0.0007483428,-0.0004855049,-0.00018448857,0.0012783129,0.00058704265,0.003920653,1.080262e-05,0.0013378841,-4.5052002e-05,-0.003186416,0.00046778683,4.2751202e-05,4.648625e-05,0.00026903916,-4.3571177e-05,-0.0024860865,-0.0023470528,0.00068919023,6.504492e-05,9.131862e-05,7.689356e-05,7.819035e-05,5.797933e-05,0.0038095806,-2.6699128e-05,-2.2192555e-06,-1.0508663e-05,0.00020278644,0.00016020566,0.00038224948,0.00013803245,-0.00010850485,0.00030126574,0.00067202625,0.00042870524,-0.00014740627,-0.00010607387,0.00028690268,-0.00017579935,-0.00023120473,-0.0070648217,0.00015945172
CD*BV,0.0032870111965136242,0.027750853,0.9057133199906311,-1.1646625e-05,-1.786683e-05,-4.817909e-06,-0.00023578796,-3.1850006e-05,-8.4625333e-07,-4.2189808e-05,-0.00010383934,-2.3800423e-05,9.411505e-06,8.82294e-06,2.2617918e-05,2.9407496e-05,0.0002915797,3.231996e-05,-8.27014e-07,8.3542895e-05,4.2269735e-06,1.37295265e-05,0.00014325939,9.476331e-05,0.00030499743,-2.7533419e-05,0.00037243133,8.71663e-05,8.565579e-06,-4.5843157e-05,0.000119254866,6.9476155e-05,0.00022277987,5.0008908e-05,0.0003196734,0.00064918026,0.00020348257,0.0002495389,1.080262e-05,0.0007701099,0.0023561628,0.00022528146,0.0012304967,0.000114140435,2.5432631e-05,1.703577e-05,0.000154052,8.7515196e-05,0.00022352702,-0.001089686,-0.00011639807,8.7872046e-05,1.5244797e-05,1.7210456e-05,4.909487e-05,5.677244e-05,-0.0036530497,1.6458149e-05,0.00014214648,0.00021863311,4.2051724e-05,2.9708173e-05,9.157371e-05,5.1640778e-05,0.000115649345,-0.00034488528,4.884154e-05,0.00026039573,0.00011296836,8.23592e-05,4.197005e-06,0.00011147806,0.00011657862,-0.00033719226,9.834876e-05
