Param name,Param value,Param stdv,Param p-value,CA,BT,BU,CD,BV,CS,DP,CH,CA*CA,CA*BT,CA*BU,CA*CD,CA*BV,CA*CS,CA*DP,CA*CH,BT*CA,BT*BT,BT*BU,BT*CD,BT*BV,BT*CS,BT*DP,BT*CH,BU*CA,BU*BT,BU*BU,BU*CD,BU*BV,BU*CS,BU*DP,BU*CH,CD*CA,CD*BT,CD*BU,CD*CD,CD*BV,CD*CS,CD*DP,CD*CH,BV*CA,BV*BT,BV*BU,BV*CD,BV*BV,BV*CS,BV*DP,BV*CH,CS*CA,CS*BT,CS*BU,CS*CD,CS*BV,CS*CS,CS*DP,CS*CH,DP*CA,DP*BT,DP*BU,DP*CD,DP*BV,DP*CS,DP*DP,DP*CH,CH*CA,CH*BT,CH*BU,CH*CD,CH*BV,CH*CS,CH*DP,CH*CH
CA,0.3009027910056258,0.013977479,8.570641922762001e-103,0.00019536992,1.7675391e-06,6.795849e-06,3.2337948e-06,9.416569e-06,-1.1197585e-06,-2.2034535e-06,2.6223147e-06,-0.00026248526,-0.00021455706,-0.0001427234,-0.00036174027,-0.000112871174,-0.0040659527,-0.00044169818,-0.0003517196,-6.436926e-06,-1.9878896e-06,-1.4152212e-06,2.2320764e-05,6.279713e-06,0.0005009756,0.00031146655,7.1487804e-05,2.86452e-05,-6.4807346e-06,-5.944813e-06,1.4428726e-06,4.7554577e-06,-0.00022149165,0.00023038007,4.0965984e-05,4.565636e-06,-4.2071592e-06,-3.4224203e-07,-2.0519099e-06,7.8753146e-07,2.5525696e-05,-1.5277235e-05,1.0214128e-05,2.974161e-05,-8.22068e-06,-9.927691e-06,-1.8607961e-06,-7.2489206e-06,3.930304e-05,0.000110961584,5.954344e-06,8.425314e-05,-6.130544e-05,5.4349325e-06,8.45972e-06,9.610015e-06,3.4094794e-06,-7.701216e-08,-3.274311e-05,6.9691464e-06,2.8499537e-06,6.4465203e-06,1.7829193e-06,-2.2081406e-07,3.0077339e-05,7.591813e-06,5.9783455e-05,-9.013432e-06,8.071171e-06,-1.49772995e-05,-2.2599386e-05,1.2131668e-06,0.00064138294,-2.5038182e-05,-5.388415e-06
BT,0.8737090066309068,0.015263874,0.0,1.7675391e-06,0.00023298585,4.5227036e-05,1.0886997e-06,1.7552582e-05,4.616213e-08,-2.8243928e-06,-1.2340982e-06,-2.8362398e-05,4.9170762e-06,8.853871e-06,1.0674149e-06,-2.934251e-06,0.00011041784,1.4390514e-05,-2.2992974e-06,-1.3874696e-06,-0.0002239365,-0.00019522457,-0.00081157655,-0.00021896174,-0.008019874,-0.0023109992,-0.0019045649,3.0101639e-05,-4.108542e-05,-4.13424e-05,-8.64471e-06,-1.4854544e-05,-0.0011398358,0.00013598947,8.091818e-05,-4.4517546e-06,0.00018416044,4.936385e-06,-2.5759698e-06,3.859563e-06,7.127062e-06,3.230564e-06,3.0745093e-06,1.2748438e-05,2.4489878e-05,-3.003287e-06,4.475197e-06,-2.0990765e-05,-0.0002008092,-2.4619665e-05,-1.3832958e-05,-1.1695995e-06,6.129558e-05,-1.994233e-07,6.718285e-07,8.680496e-06,-1.533132e-07,7.3903884e-06,-1.6151564e-05,-3.7828281e-06,0.00021494215,1.2218803e-05,5.3762997e-06,1.3911741e-05,3.141586e-05,9.275811e-06,8.004867e-05,-6.0739658e-05,0.00029365893,3.549757e-06,-2.1354232e-05,1.0756376e-06,0.00065204094,-3.6672995e-05,2.6346431e-06
BU,0.9341752180654719,0.014184598,0.0,6.795849e-06,4.5227036e-05,0.00020120283,2.1738484e-05,5.7975696e-05,1.216757e-06,7.147482e-06,3.6440945e-06,-8.051296e-05,-8.110602e-06,1.4605919e-05,-7.2567186e-06,-4.0501145e-06,0.0005019847,1.9250929e-05,1.7211846e-06,4.4772885e-05,-5.4024633e-05,-4.4084736e-06,0.00064576307,6.5954525e-10,0.0014800215,0.0015336603,0.0017902602,-2.0681414e-06,-0.00017015082,-0.00019245209,-5.9864044e-05,-0.00018022639,-0.001379557,-0.0008116391,-5.515918e-05,-1.7449938e-05,9.989139e-06,4.253461e-06,-4.74748e-05,-9.03518e-06,-7.53182e-05,-2.8221513e-05,-1.705342e-05,2.2935046e-05,-2.9780389e-05,-1.9361021e-05,1.0968183e-05,-7.3218966e-05,-0.00060034037,-2.5757668e-05,-1.9370484e-05,8.867665e-06,0.00046378645,2.2970607e-06,-1.6922959e-06,-2.8728757e-06,-3.7499865e-06,-3.6588585e-06,-6.5120876e-05,-1.1617107e-05,9.609633e-06,3.749481e-05,-1.4893986e-06,5.0472496e-05,-3.335073e-05,-2.5532301e-05,-2.353874e-06,-0.00010217334,-1.4318445e-05,4.094144e-05,7.3785035e-05,3.214267e-05,0.0003185904,1.3258696e-05,-7.4969767e-06
CD,0.6672765599051066,0.012715382,0.0,3.2337948e-06,1.0886997e-06,2.1738484e-05,0.00016168092,1.813169e-05,2.9770908e-06,5.269627e-05,3.5664027e-06,-4.086244e-05,-1.2760892e-06,-6.170222e-06,-1.6545962e-05,-3.851274e-06,0.0008533518,-5.214476e-05,-4.387219e-05,3.5093462e-06,1.5731786e-07,7.2926184e-07,-0.0003321397,-2.2895517e-07,0.00050893537,-0.0002374674,0.0006050305,2.1056578e-05,-1.8362296e-05,-2.5645619e-05,-3.0492503e-05,-1.706588e-05,-0.0007396125,0.00012058567,0.00033924493,-5.0258393e-05,-0.00021232707,-0.00014268067,-0.0003657071,-0.00014939811,-0.0006007354,-0.0002495606,-0.000279647,3.508852e-06,-1.5725822e-05,-1.6017842e-05,-1.4625008e-05,-2.3375573e-05,-4.917468e-05,9.703471e-06,1.7262131e-06,2.4429824e-05,-6.889242e-05,-1.7738922e-06,-2.9776265e-06,-2.0958765e-07,-9.294595e-06,-5.0000467e-06,1.7980525e-05,-8.417471e-06,-5.7438356e-05,-5.323024e-05,-4.1586078e-05,-5.11039e-05,-1.4608648e-05,-0.00019806885,-0.00030344352,1.126487e-05,-1.3108818e-05,-2.0467334e-05,0.00053760386,-8.5000775e-06,0.00037235394,0.0007420883,-7.256028e-06
BV,0.7521542669433986,0.011208593,0.0,9.416569e-06,1.7552582e-05,5.7975696e-05,1.813169e-05,0.00012563256,7.5592146e-07,9.158521e-06,1.9403938e-05,-0.000108406326,-2.8717486e-06,5.775853e-06,2.0433502e-06,-9.5183e-06,0.00045492518,1.79784e-05,9.42136e-07,2.0286938e-05,-1.9892308e-05,-1.2855584e-05,0.00017686996,6.005479e-06,0.0022109097,0.0010696007,0.0011986647,1.9794368e-05,-5.063549e-05,-5.791252e-05,-2.4511552e-05,-5.7058565e-05,-0.001724763,0.00062574993,0.0008084295,-1.2794692e-05,-2.490798e-07,-7.3727565e-06,-4.0048097e-05,7.835936e-06,-2.0640819e-05,-2.3066954e-05,-1.1193753e-05,5.590419e-05,-0.00014543241,-0.00011091867,-3.9614937e-05,-0.00014045338,-0.0013057265,-0.0006219676,-6.710131e-05,4.950033e-06,-0.00016356402,2.3476398e-06,2.1019366e-06,5.852434e-06,-2.3298421e-06,3.7089962e-06,3.615366e-05,-3.21207e-06,-4.5029773e-07,3.925766e-06,-8.710719e-06,8.261415e-05,-9.7303055e-06,-3.2092405e-05,-1.7679582e-06,0.0002207094,-3.4778545e-06,-5.0691815e-05,-0.00014449251,-3.4818608e-05,0.0014827288,-0.0004311356,-4.048457e-05
CS,0.31155093258664984,0.0037487878,0.0,-1.1197585e-06,4.616213e-08,1.216757e-06,2.9770908e-06,7.5592146e-07,1.405341e-05,1.091281e-06,-1.0050322e-07,2.8935494e-05,1.1795902e-06,6.232817e-07,-5.280808e-06,5.6347614e-07,-0.00043402583,-1.0881236e-05,5.963964e-07,-6.561095e-07,-2.561938e-08,-9.775425e-08,-6.1496407e-06,-6.89201e-07,-0.0001085007,4.8386468e-05,1.737043e-05,-1.7662614e-06,-1.1497903e-06,-1.3999473e-06,-5.3324047e-06,-1.6857348e-06,0.00017257675,5.1997395e-05,3.12482e-06,-1.6321134e-06,-3.6810247e-06,-2.81155e-06,-6.281583e-06,-2.5414527e-06,3.531923e-05,-6.863111e-06,-1.5970999e-06,-2.1578423e-06,-5.362735e-07,-5.8269285e-07,-2.8516146e-07,-9.05441e-07,3.867305e-05,4.0577806e-06,-6.773299e-07,-1.3526939e-05,-3.1656888e-05,-1.3188014e-05,-3.139181e-05,-1.5741114e-05,-4.3556018e-05,-4.42097e-05,-4.719324e-05,-2.7791643e-07,-1.6347908e-06,-1.2258863e-06,-1.7212258e-06,-2.7691812e-07,2.859684e-06,-3.7528318e-06,-4.7983553e-07,2.430691e-06,3.037515e-07,1.3289141e-06,1.9426243e-06,1.6363854e-06,-0.0003735367,5.788837e-06,2.209977e-07
DP,0.5346365433857786,0.010436873,0.0,-2.2034535e-06,-2.8243928e-06,7.147482e-06,5.269627e-05,9.158521e-06,1.091281e-06,0.00010892831,4.3616124e-06,4.277936e-05,2.8306908e-06,-1.1576192e-06,-1.6560223e-05,2.2544805e-07,0.00018204226,-7.784722e-05,-7.5889016e-06,-4.995917e-06,4.996467e-06,2.41346e-06,-0.00011225631,-1.3621455e-05,0.00045970522,-0.0011681309,0.0005058734,6.865662e-06,-6.1886735e-06,-7.7986215e-06,-1.9169959e-06,-7.676615e-06,-0.00033377667,-0.00023304668,0.0002790853,-1.3394306e-05,-6.643092e-05,-4.4555236e-05,-0.00011768199,-4.594626e-05,-0.00010742936,-9.991426e-05,-4.9539896e-05,1.1012177e-05,-7.5980915e-06,-7.789692e-06,5.9361273e-06,-1.15327e-05,-0.00017988314,4.1429816e-05,-8.626814e-06,1.3784157e-05,-5.1923813e-05,-1.8055306e-06,5.65584e-06,1.3940685e-07,-3.3974575e-06,2.3319719e-05,-2.614586e-05,5.292746e-06,-0.00012360234,-0.00011584185,-0.00014479188,-0.0001278752,-0.00022366407,-0.0003775014,-0.001363546,-0.00012852375,-5.7895772e-06,-1.4498969e-05,0.00033617645,1.9753887e-05,-0.00096329616,0.0011503533,-8.405614e-06
CH,0.5263563263966672,0.013784245,0.0,2.6223147e-06,-1.2340982e-06,3.6440945e-06,3.5664027e-06,1.9403938e-05,-1.0050322e-07,4.3616124e-06,0.00019000539,-4.00733e-05,-3.4903853e-06,-1.7742406e-06,-7.979845e-07,-5.0348226e-06,0.00022140479,1.2457079e-05,-7.519584e-06,-1.5399213e-05,2.1767607e-06,-8.118496e-07,3.2368232e-05,-2.3377808e-05,0.00075149065,-6.507545e-05,-0.0027329263,-5.693774e-05,-1.5573262e-07,-7.430893e-06,1.1563681e-05,-2.2819942e-05,0.0013261873,-0.00023093524,-0.0009598779,-2.1681894e-06,-1.881875e-06,-1.3718426e-06,-8.140242e-06,6.694459e-07,8.712679e-06,-4.617459e-06,1.7338973e-06,3.1816042e-05,-2.4787607e-05,-9.691776e-06,-9.116891e-06,-2.2287957e-05,-0.00038311898,-8.5975065e-05,4.9594246e-06,-8.236118e-07,7.742426e-05,5.7356906e-06,1.8306425e-06,5.2989344e-06,3.005996e-07,8.998807e-06,0.00020476128,1.5609794e-06,-1.6621885e-06,-2.4211938e-06,-4.8590887e-06,1.4875841e-05,-2.056984e-05,-1.4915315e-05,0.00022150495,9.618863e-05,-0.0002051089,-0.00010529214,-0.0006383738,-0.00018288058,-0.0025327755,-0.0018241969,-0.0004059246
CA*CA,-1.8104188727321313,0.14754672,1.3102748388974459e-34,-0.00026248526,-2.8362398e-05,-8.051296e-05,-4.086244e-05,-0.000108406326,2.8935494e-05,4.277936e-05,-4.00733e-05,0.021770036,0.00015927796,-0.00052262744,-0.005728798,-0.0009081954,-0.03401887,-0.011567707,0.0009069088,2.5097066e-05,3.5218225e-05,1.9013634e-05,-0.0003584354,-0.00011827449,-0.0036116506,-0.002653717,-0.00047785082,-0.0002564978,7.141644e-05,9.4869436e-05,-8.7485474e-05,-0.00018691688,-0.002133517,-0.0014016195,-5.281312e-06,1.1994348e-05,5.657275e-05,-4.287954e-06,9.535495e-05,-3.9449817e-05,-0.0007570855,0.00018693361,-3.1892454e-05,0.00033794536,0.00010543117,0.00012831531,-0.00035145282,0.0001493758,-0.0037922047,-0.0008822225,0.00014329026,-0.0016977037,-0.00012677653,-9.0778354e-05,-0.00013286989,-0.00045724915,-8.866006e-05,0.0001817361,3.6895297e-05,-6.482879e-05,-5.209126e-05,-0.00011295263,-3.6538202e-06,-0.00014396723,-0.00028932912,-0.00014941015,-0.0009948645,0.0019082825,-2.9401286e-05,0.00020099175,0.00039130502,0.00021279683,-0.007931421,-5.596821e-05,8.547769e-05
CA*BT,-0.2311357070216475,0.032080278,5.807963992648377e-13,-0.00021455706,4.9170762e-06,-8.110602e-06,-1.2760892e-06,-2.8717486e-06,1.1795902e-06,2.8306908e-06,-3.4903853e-06,0.00015927796,0.0010291442,7.0182316e-05,0.0004603269,0.000105883504,0.004535621,0.00051340635,0.00038393316,-4.7075548e-05,7.600816e-06,-1.38361265e-05,7.7698365e-05,-3.016607e-05,0.0074374406,0.00032436047,0.0003374137,6.104125e-05,2.5574054e-05,-1.8317367e-07,-1.6718243e-06,1.1020339e-05,-0.000632438,6.966919e-05,0.00015331835,-3.2418047e-06,-5.1887626e-05,-3.1519864e-06,-2.8874026e-06,-1.11833025e-07,-3.9414674e-05,1.3254201e-05,-1.1984164e-05,-8.610369e-05,2.7541102e-05,-4.1716826e-06,3.5077196e-06,3.6648044e-07,0.000112129084,-0.0001862801,-9.48818e-06,-7.368027e-05,-0.0010857979,-6.826681e-06,-1.0381322e-05,4.1226394e-06,-3.5814364e-06,2.76918e-06,2.8221253e-05,-6.0761663e-06,-2.0801208e-05,-6.03566e-06,-2.9472892e-06,5.997382e-06,-3.916147e-06,-9.810334e-06,-6.6140805e-05,-0.00012060668,8.5660475e-05,-1.0236104e-05,-1.3520884e-05,-1.614693e-05,0.00066910125,-8.94057e-05,6.9791527e-06
CA*BU,-0.14301697928702303,0.024999324,1.0600254468273502e-08,-0.0001427234,8.853871e-06,1.4605919e-05,-6.170222e-06,5.775853e-06,6.232817e-07,-1.1576192e-06,-1.7742406e-06,-0.00052262744,7.0182316e-05,0.00062496617,0.00045134648,0.000115274386,0.00070808025,0.0005811392,0.00022804769,1.867308e-05,-1.1567783e-05,6.399122e-06,8.796315e-05,6.810017e-06,-0.0010254903,0.0006280163,0.00067200774,0.000196668,-1.8379225e-05,-4.9140554e-06,9.2310576e-05,1.2445802e-05,-0.0032812278,0.0006290365,0.00055964093,1.0669655e-05,7.0729816e-06,1.5154472e-05,1.1223304e-05,1.949192e-06,-4.0932533e-05,4.6038303e-06,-3.4204982e-06,0.00018221397,-1.06022835e-05,4.1428553e-05,-1.8239845e-05,-2.0664165e-05,-0.0010698404,-6.510433e-05,-2.257023e-05,3.6424164e-05,-0.00016704804,-2.2491431e-05,-6.776416e-06,1.2295361e-05,-1.8516353e-06,6.210231e-06,0.00017737798,6.226398e-07,-3.7647471e-06,-1.1472297e-05,-5.359516e-07,5.4754587e-06,-2.6222575e-05,4.227004e-06,5.4580094e-05,-7.561753e-05,-1.6894337e-05,4.428441e-05,-7.8816975e-06,-2.0369807e-05,-0.0010257285,0.0001696999,3.069511e-06
CA*CD,0.2724182379435074,0.084831536,0.0013214281291804707,-0.00036174027,1.0674149e-06,-7.2567186e-06,-1.6545962e-05,2.0433502e-06,-5.280808e-06,-1.6560223e-05,-7.979845e-07,-0.005728798,0.0004603269,0.00045134648,0.00719639,0.00059120776,-0.007754766,0.0013735323,0.0011141294,0.00010220963,-2.7120375e-06,1.261466e-06,0.0002197261,2.7784606e-06,-0.0015034231,-0.00067817466,-0.00056599535,0.00042643235,3.0817528e-06,6.900218e-06,0.0002067068,5.117572e-05,0.0025867233,-0.00088253885,-0.0006382303,0.00021792165,-5.759102e-06,3.159956e-05,9.224038e-05,2.8880882e-05,-0.001122619,-4.4247878e-05,7.192404e-05,-0.00022921784,-5.4415073e-06,-1.1785157e-05,0.00039713408,-1.6659358e-05,-0.00015532924,-0.00026922236,-0.00012653778,0.00016395436,0.00047392215,4.0804396e-05,-8.056248e-05,0.0001440601,1.720689e-05,0.0004392799,-0.00030541015,3.86406e-05,1.7342716e-05,3.0222227e-05,3.7460593e-06,7.877502e-05,-3.337094e-05,5.656825e-05,-2.2424343e-05,-0.000744809,-1.4612737e-05,-2.1520627e-05,0.00072505,-9.473786e-05,0.00041003065,-0.0009126298,1.7338499e-06
CA*BV,-0.12623281290705465,0.027970815,6.39113693994892e-06,-0.000112871174,-2.934251e-06,-4.0501145e-06,-3.851274e-06,-9.5183e-06,5.6347614e-07,2.2544805e-07,-5.0348226e-06,-0.0009081954,0.000105883504,0.000115274386,0.00059120776,0.0007823665,0.00067341974,0.0008552362,-0.0007636709,2.3248187e-05,4.318501e-06,-2.2377092e-06,1.2767222e-05,-3.9424172e-05,-8.379152e-05,-0.00011925879,-0.0002287716,2.7585978e-05,5.429065e-06,4.925064e-06,-6.333619e-06,-9.051947e-05,0.0008995134,-0.000106732914,-0.0002431663,-4.6514942e-06,2.6516932e-06,4.4203816e-06,6.643941e-06,-7.343217e-06,-2.0656098e-05,6.6080233e-06,-1.451993e-05,0.00036978364,2.1859782e-06,-6.020978e-06,-3.186976e-07,2.8818618e-05,-0.0005380811,-3.6799676e-05,-3.962745e-05,3.8616607e-05,0.00013117857,1.2849046e-05,-5.7044163e-06,-0.0001949855,-1.7331082e-06,-1.4327469e-05,0.0001448495,1.9892368e-06,3.0263088e-06,3.5322876e-06,-6.2044646e-06,-7.615022e-05,-1.9932072e-06,9.0108665e-07,-5.157455e-05,0.00074804446,-1.46792645e-05,2.8434974e-05,-0.00013339991,7.0962495e-05,-0.0017364231,-5.0515646e-05,1.0762922e-05
CA*CS,7.071243169628326,1.014764,3.2065091721217283e-12,-0.0040659527,0.00011041784,0.0005019847,0.0008533518,0.00045492518,-0.00043402583,0.00018204226,0.00022140479,-0.03401887,0.004535621,0.00070808025,-0.007754766,0.00067341974,1.0297458,-0.008091832,-0.023677409,-0.0016153485,-0.00010333658,-0.00023889942,-0.0005259811,0.0006418655,0.059949983,0.011905521,-0.00031318035,-0.009171649,-0.00035924994,-0.0006838643,-0.0007090128,-0.00012444946,-0.015457161,0.008971614,-0.0010840909,-0.0019006862,-0.00079218124,-0.00086509826,-0.0022771326,-0.0005594926,0.0033900456,-0.0018017542,0.00046687239,0.0023332203,-0.00036481346,-0.0011111122,0.0013311991,-0.0011557908,0.058213484,-0.0026437321,-0.0020836005,-0.0026117282,-0.005346871,8.671709e-05,0.0011712118,0.00032265417,0.00134097,0.0004580994,-0.0038486475,-8.737573e-05,2.5486926e-05,-0.0002827098,1.3388161e-05,-5.8480702e-05,-0.005343771,-0.0007658584,0.004579023,0.006402025,0.00038471553,-0.0012682286,-0.0016845729,-0.0001384273,0.09040217,-0.008581383,-0.0004811134
CA*DP,0.7074347013161638,0.19398686,0.00026550827769052045,-0.00044169818,1.4390514e-05,1.9250929e-05,-5.214476e-05,1.79784e-05,-1.0881236e-05,-7.784722e-05,1.2457079e-05,-0.011567707,0.00051340635,0.0005811392,0.0013735323,0.0008552362,-0.008091832,0.037630904,0.00028636938,-1.3518329e-05,-2.0500791e-05,-7.4209574e-06,0.0001849712,0.00011396684,-0.0046577854,0.002393266,0.00068866013,-6.1289875e-06,-2.2389033e-05,-2.3877928e-05,-5.327953e-05,0.00023097634,-0.002099402,0.0014268543,0.0006652558,0.00028291336,6.970869e-05,6.674752e-05,-1.0164994e-05,6.926237e-05,0.00060285203,0.00014348043,-0.00035451652,-0.0005147112,-3.2039025e-05,1.0388987e-05,-0.00016405014,4.8059233e-06,-0.00060169486,0.0017950844,-0.00010190092,0.001248601,0.00040416798,0.00013624318,5.9552145e-05,0.0003572605,3.212703e-05,-0.0033339825,0.00077154284,-0.00025051716,6.5095286e-05,0.000118510165,-1.1616544e-06,6.0956492e-05,0.0011872048,0.0002990922,0.0006654289,-0.0011801913,-5.1061856e-05,-3.9382678e-05,-0.0016694668,-0.00027685147,-0.0015454495,0.0041681407,-3.1047224e-05
CA*CH,-0.05533595724938778,0.18158968,0.7605712339630762,-0.0003517196,-2.2992974e-06,1.7211846e-06,-4.387219e-05,9.42136e-07,5.963964e-07,-7.5889016e-06,-7.519584e-06,0.0009069088,0.00038393316,0.00022804769,0.0011141294,-0.0007636709,-0.023677409,0.00028636938,0.032974813,0.00016997321,4.7974013e-06,1.594969e-05,0.00014504541,-0.00027418183,0.00045837302,-0.00029819153,-0.0014990723,0.00083248137,-8.929902e-07,1.455739e-05,-3.1005788e-05,-0.00023844239,0.0057359496,-0.0011794087,-0.0023447021,-8.540753e-05,6.8147914e-05,6.4693675e-05,7.237736e-05,5.2160467e-05,0.000643592,0.00018122987,-0.00012454041,-0.00025370182,-9.2503415e-06,-1.3954441e-05,-0.00053499104,4.1639403e-05,-0.0021510548,-0.00017430219,0.0013759475,8.1504906e-05,0.000578011,0.00013093154,5.1522893e-05,0.00014910781,-2.8531595e-06,0.00041034957,-0.0064608105,-6.381522e-05,-1.9989342e-05,3.218446e-05,3.800249e-05,0.00051819393,0.00030940623,2.1519738e-05,-0.0023654466,0.0008919885,-1.401671e-05,-0.00012449885,-0.0007688333,0.0009421046,0.0136953,-0.009811404,3.530207e-05
BT*CA,-0.12690226992840337,0.11111126,0.2534046048674795,-6.436926e-06,-1.3874696e-06,4.4772885e-05,3.5093462e-06,2.0286938e-05,-6.561095e-07,-4.995917e-06,-1.5399213e-05,2.5097066e-05,-4.7075548e-05,1.867308e-05,0.00010220963,2.3248187e-05,-0.0016153485,-1.3518329e-05,0.00016997321,0.012345712,-0.0001522774,-0.000106033585,7.1447415e-05,-3.809772e-05,0.0001476777,0.0014630137,0.003847466,0.0018167899,-5.5353234e-05,-6.724266e-05,9.330779e-05,-9.654943e-05,-0.0027043251,-0.001231073,0.00051586307,8.1946644e-05,-8.0431884e-05,8.0649015e-06,-8.529393e-06,-4.670996e-06,-0.00034734662,-3.8434235e-05,3.2771848e-05,0.000482673,7.810852e-05,-2.7474023e-05,-0.00013944824,-4.0343897e-05,-0.0005104192,-0.00022078524,-8.182348e-05,0.0002350665,-0.0008863572,1.9350016e-05,-3.7187052e-05,4.4469067e-05,2.4625326e-06,-6.262773e-05,-0.00031464777,-3.0246008e-06,0.0001599527,-9.726792e-07,7.4126942e-06,-6.02121e-06,6.322145e-05,1.7962031e-05,0.00034299048,-0.0016412335,7.464674e-05,-6.0805112e-05,0.00064413133,0.00015488583,0.0012767673,0.001668469,3.4848596e-05
BT*BT,-0.8361821610569454,0.015867079,0.0,-1.9878896e-06,-0.0002239365,-5.4024633e-05,1.5731786e-07,-1.9892308e-05,-2.561938e-08,4.996467e-06,2.1767607e-06,3.5218225e-05,7.600816e-06,-1.1567783e-05,-2.7120375e-06,4.318501e-06,-0.00010333658,-2.0500791e-05,4.7974013e-06,-0.0001522774,0.00025176417,0.0001359061,0.0008084863,0.00011209037,0.008472402,0.0026722732,0.0021823146,-4.6786896e-05,5.8889087e-05,4.9366514e-05,1.2274778e-05,6.6313705e-06,0.0013434625,-0.00011124081,-6.626959e-05,4.507386e-06,-0.0002271092,-6.431417e-06,-3.1273422e-07,-5.994508e-06,-8.829988e-06,-6.0227317e-06,-4.568086e-06,-2.1218006e-05,-4.168038e-06,-3.5080276e-07,-1.0588973e-05,2.4135721e-05,0.00028576166,2.1570422e-05,1.7949884e-05,6.5526285e-07,-0.00012826586,5.287086e-07,-4.782185e-07,-1.4514045e-05,8.937692e-08,-7.0465326e-06,2.594745e-05,4.2475194e-06,-0.00030564555,-1.43181705e-05,-8.482829e-06,-1.3021471e-05,-4.12322e-05,-1.647658e-05,-0.00011944228,7.442095e-05,-0.00037226902,-4.8410648e-06,3.5026802e-05,1.3789509e-06,-0.00081807823,6.785143e-05,-4.7629037e-06
BT*BU,-0.6345998377757339,0.023239374,3.493538829217956e-164,-1.4152212e-06,-0.00019522457,-4.4084736e-06,7.2926184e-07,-1.2855584e-05,-9.775425e-08,2.41346e-06,-8.118496e-07,1.9013634e-05,-1.38361265e-05,6.399122e-06,1.261466e-06,-2.2377092e-06,-0.00023889942,-7.4209574e-06,1.594969e-05,-0.000106033585,0.0001359061,0.00054006855,-2.4966139e-05,0.0002230021,0.0010752085,-0.00014790201,0.0018941201,3.6291547e-06,7.0678696e-05,1.5972015e-05,-4.3914715e-05,1.819857e-05,0.0006003086,-0.0005664928,-0.00023160211,1.1824577e-06,-0.00017761195,-6.3484545e-06,-1.3175098e-06,-2.9507476e-06,-1.0669156e-05,8.4267884e-07,-4.7945387e-06,1.7324712e-05,-6.38742e-05,2.405616e-05,6.7298156e-06,1.4502104e-05,-0.00033535066,4.3442127e-05,1.2590107e-05,2.8517027e-06,0.00019228866,-3.1104728e-06,-2.4771722e-07,4.9195473e-06,3.0558766e-07,-2.9723637e-06,-1.7890805e-05,2.425189e-06,-0.00011852936,-1.9762665e-05,-1.7495106e-06,-1.5162681e-05,5.1488023e-05,-9.921931e-06,-8.961798e-05,3.8964343e-05,-0.00050828786,-4.2531137e-06,-2.0775811e-05,-6.5611807e-06,0.00013525426,-0.00021164685,1.6431321e-06
BT*CD,1.0612249966204592,0.2071529,3.008612286887112e-07,2.2320764e-05,-0.00081157655,0.00064576307,-0.0003321397,0.00017686996,-6.1496407e-06,-0.00011225631,3.2368232e-05,-0.0003584354,7.7698365e-05,8.796315e-05,0.0002197261,1.2767222e-05,-0.0005259811,0.0001849712,0.00014504541,7.1447415e-05,0.0008084863,-2.4966139e-05,0.042912323,-0.00041343915,0.0070809233,0.020796688,0.009211847,0.00016443594,-0.00057347695,-0.00072187354,0.0025086594,-0.0008486229,0.0017415426,-0.0065247673,-0.00022178011,4.2430853e-05,-0.0043825964,0.00041945177,0.00077768235,0.00036407856,0.0011062903,0.00043057234,0.00040474243,-6.493051e-05,-0.00013153815,-9.934667e-05,0.00086898246,-0.0002631319,-0.0026612908,-0.00031692255,0.00014736177,-0.00015873992,0.005839511,6.783579e-05,2.9439258e-05,-5.294931e-05,1.8432625e-05,2.8129269e-05,-0.0007443646,-2.1433616e-05,-0.0003846694,0.00029602463,2.235821e-05,0.00036545694,-0.00022043455,0.0004571938,0.0008683458,0.0015207884,-0.0004144651,0.00015369977,-0.0034223902,-6.362581e-05,0.0033812628,-0.0030334897,-7.003312e-05
BT*BV,-0.48449041207553767,0.059143536,2.5740604806746265e-16,6.279713e-06,-0.00021896174,6.5954525e-10,-2.2895517e-07,6.005479e-06,-6.89201e-07,-1.3621455e-05,-2.3377808e-05,-0.00011827449,-3.016607e-05,6.810017e-06,2.7784606e-06,-3.9424172e-05,0.0006418655,0.00011396684,-0.00027418183,-3.809772e-05,0.00011209037,0.0002230021,-0.00041343915,0.003497958,-0.020948637,-0.0021616057,0.003147963,-7.810732e-06,-3.3980174e-05,3.8044584e-06,-0.0001789501,0.0005607961,-0.0074195946,0.0007573535,-0.00024474208,-2.0366942e-05,-0.00019121254,-1.1647824e-05,3.7142331e-06,1.8220164e-05,-1.8847943e-05,-1.9800134e-06,2.5851555e-06,8.261786e-05,0.00014380888,4.754123e-05,0.00017131079,-1.8285184e-06,0.00030094243,-0.0002032919,-0.000106858155,-4.9569804e-05,0.0003203783,-4.4971443e-05,4.4528397e-06,0.00018627255,1.9967106e-06,-1.8321918e-05,0.00013482868,-1.4104627e-05,-0.000115923816,1.2671076e-05,1.0365506e-05,-0.00017399351,4.0451625e-05,4.479424e-05,0.0009405168,5.5125958e-05,-0.00011390941,-6.9582e-05,-0.0006082191,-0.00025895136,0.008699325,-2.1142798e-05,5.3231353e-05
BT*CS,3.1693060826460537,2.207033,0.1510014631179994,0.0005009756,-0.008019874,0.0014800215,0.00050893537,0.0022109097,-0.0001085007,0.00045970522,0.00075149065,-0.0036116506,0.0074374406,-0.0010254903,-0.0015034231,-8.379152e-05,0.059949983,-0.0046577854,0.00045837302,0.0001476777,0.008472402,0.0010752085,0.0070809233,-0.020948637,4.8709946,0.099970534,-0.036072787,-0.008539619,-0.0038631246,-0.0017874512,-0.0010961503,-0.0074874023,0.18496045,-0.015042518,0.0057147266,-0.00033345533,0.0033409356,-0.0001415536,-0.001222309,-7.084272e-05,0.0015486052,-0.0005288513,-0.00072733883,-0.006131065,0.002976309,-0.0034521185,-0.0050582397,-0.0022659313,0.085664354,-0.022951532,-0.0048050927,0.000318879,-0.41304007,0.0012239579,0.00047411956,-0.0016237689,0.0003363454,0.0011262731,-0.0013124266,0.00012523094,0.002368682,0.000111438065,-0.00037254035,0.0029675637,-0.0020453844,-0.0015603894,-0.01753442,-0.0005389233,0.03268129,-0.0009836287,0.0035168882,0.002854053,-0.030922392,-0.03844517,-0.0016086537
BT*DP,4.599140379992325,0.61630577,8.493934053381505e-14,0.00031146655,-0.0023109992,0.0015336603,-0.0002374674,0.0010696007,4.8386468e-05,-0.0011681309,-6.507545e-05,-0.002653717,0.00032436047,0.0006280163,-0.00067817466,-0.00011925879,0.011905521,0.002393266,-0.00029819153,0.0014630137,0.0026722732,-0.00014790201,0.020796688,-0.0021616057,0.099970534,0.3798328,0.012372082,-0.002585373,-0.001256187,-0.0022571965,-0.0010641711,0.00013950876,-0.1952834,0.11977867,0.018145232,-0.00010502932,-0.00048769865,0.00040978947,0.00045907724,0.00035408078,0.0006618164,0.0010025918,0.00023866334,-8.4500854e-05,-0.00055618346,-0.00047098493,0.00093072705,-0.0014199523,-0.026255103,0.0066935774,0.00039001316,-2.9385767e-05,-0.012144986,-0.00041981504,-0.00018353597,-0.00047770963,-0.00014924775,-0.00017497898,-0.0019102752,-8.8450915e-06,-0.013225228,0.0017041543,0.0017790396,0.0016986676,0.002097274,0.003929376,0.010184623,0.005639589,-0.0009977272,0.0009421066,-0.007207442,-0.00091351947,0.08500789,-0.05192112,8.4345535e-05
BT*CH,4.731742407014989,0.8071268,4.560809097232323e-09,7.1487804e-05,-0.0019045649,0.0017902602,0.0006050305,0.0011986647,1.737043e-05,0.0005058734,-0.0027329263,-0.00047785082,0.0003374137,0.00067200774,-0.00056599535,-0.0002287716,-0.00031318035,0.00068866013,-0.0014990723,0.003847466,0.0021823146,0.0018941201,0.009211847,0.003147963,-0.036072787,0.012372082,0.6514537,0.0043707094,-0.0005324141,-0.0026190407,0.0040428983,-0.0016761055,-0.08355717,0.020137448,0.13542357,-0.00024021133,-0.0017722824,-0.00012255587,-0.0013364139,-0.0005157266,-0.0036803288,-0.0008668331,0.00012215757,-0.0016351981,-0.0012637244,0.000112573085,-0.0013196634,-0.0014344223,-0.01939349,-0.0064363,0.0042883838,-0.0005070873,-0.0065706964,0.00011711616,-0.00018318238,-0.00082770723,-5.0964976e-05,-0.0012046561,0.010123583,9.320387e-07,-0.0019731508,-0.00023402151,-0.00051752257,0.0007647092,0.0012712175,-0.0017258984,-0.0164862,0.0059670415,-0.03669903,-0.0019413792,0.006729886,0.0015037023,0.031392347,0.034982413,0.0057895095
BU*CA,-0.4103250398942399,0.09718253,2.419185335415731e-05,2.86452e-05,3.0101639e-05,-2.0681414e-06,2.1056578e-05,1.9794368e-05,-1.7662614e-06,6.865662e-06,-5.693774e-05,-0.0002564978,6.104125e-05,0.000196668,0.00042643235,2.7585978e-05,-0.009171649,-6.1289875e-06,0.00083248137,0.0018167899,-4.6786896e-05,3.6291547e-06,0.00016443594,-7.810732e-06,-0.008539619,-0.002585373,0.0043707094,0.0094444435,-4.4444503e-05,-0.00023778205,0.0008128113,0.0002699,-0.019646252,-0.00084913796,0.0056513865,0.0005560206,-1.654114e-05,1.4010806e-05,-6.622056e-05,-3.179432e-05,-0.0018466316,-0.00024587562,-6.8627305e-05,0.0024214198,-7.753319e-05,7.785868e-05,-0.0005431133,-0.00010444802,-0.0032693732,-0.00055899017,-0.00037008393,0.0013595972,-0.0010047051,8.53153e-05,-0.0002066113,0.0003565157,7.468659e-06,-0.00047082573,-0.0017423929,0.00013350829,-1.7992428e-05,-0.000107637396,-4.078017e-05,4.6324047e-05,1.1281819e-05,-3.3573953e-05,0.0010849568,-0.005199658,0.00013465827,-0.00039024535,0.0012569404,0.00035381108,0.012017094,0.005842313,0.00012391759
BU*BT,-0.7766900057485898,0.014399154,0.0,-6.4807346e-06,-4.108542e-05,-0.00017015082,-1.8362296e-05,-5.063549e-05,-1.1497903e-06,-6.1886735e-06,-1.5573262e-07,7.141644e-05,2.5574054e-05,-1.8379225e-05,3.0817528e-06,5.429065e-06,-0.00035924994,-2.2389033e-05,-8.929902e-07,-5.5353234e-05,5.8889087e-05,7.0678696e-05,-0.00057347695,-3.3980174e-05,-0.0038631246,-0.001256187,-0.0005324141,-4.4444503e-05,0.00020733563,0.0001380433,0.00012689682,0.0001253088,0.0024974518,0.00047210147,7.11554e-05,1.1506796e-05,-1.6404067e-05,-5.7971583e-06,3.9718845e-05,6.420416e-06,8.3555424e-05,2.6383515e-05,1.5878848e-05,-4.972873e-05,4.4771685e-05,1.3219279e-05,-8.343845e-06,6.4039894e-05,0.0005391069,3.817348e-05,2.260789e-05,-1.1857883e-05,0.000109224864,-1.1517702e-06,3.1453117e-06,-1.0011749e-05,3.547963e-06,5.702832e-06,5.949863e-05,8.783225e-06,-4.248539e-05,-3.142901e-05,2.8903858e-06,-4.02055e-05,2.3466155e-05,2.1771519e-05,-1.042726e-05,0.00017508473,-0.00016415874,-1.4898953e-05,-1.9170007e-05,-1.8192728e-05,-0.0014207148,4.9164995e-05,3.8233202e-07
BU*BU,-0.9807379899272857,0.01713775,0.0,-5.944813e-06,-4.13424e-05,-0.00019245209,-2.5645619e-05,-5.791252e-05,-1.3999473e-06,-7.7986215e-06,-7.430893e-06,9.4869436e-05,-1.8317367e-07,-4.9140554e-06,6.900218e-06,4.925064e-06,-0.0006838643,-2.3877928e-05,1.455739e-05,-6.724266e-05,4.9366514e-05,1.5972015e-05,-0.00072187354,3.8044584e-06,-0.0017874512,-0.0022571965,-0.0026190407,-0.00023778205,0.0001380433,0.00029370247,-0.00028129865,0.00014415327,0.001763078,-0.00046295117,-0.0010445981,1.1946547e-05,-8.319032e-06,3.3604442e-06,5.8971298e-05,1.0355965e-05,7.732545e-05,3.0267827e-05,1.5772384e-05,-1.0173137e-05,2.6538428e-05,2.0982083e-05,-3.189676e-05,7.540576e-05,0.00047675014,-2.9743067e-05,1.38511605e-05,-3.102103e-05,-0.000329171,4.3569474e-07,4.1615517e-06,-4.2925856e-07,4.2662346e-06,9.520991e-06,8.8191584e-05,1.1105285e-05,1.5831351e-06,-3.9124694e-05,-7.0311734e-07,-5.6147044e-05,5.1792806e-05,2.844085e-05,-3.5215053e-05,7.0700364e-05,3.1084473e-05,-7.147882e-05,-0.00018026898,-4.0427632e-05,0.0012311598,-0.0003877167,1.4876804e-05
BU*CD,-0.01693006509062968,0.06606859,0.7977579314419315,1.4428726e-06,-8.64471e-06,-5.9864044e-05,-3.0492503e-05,-2.4511552e-05,-5.3324047e-06,-1.9169959e-06,1.1563681e-05,-8.7485474e-05,-1.6718243e-06,9.2310576e-05,0.0002067068,-6.333619e-06,-0.0007090128,-5.327953e-05,-3.1005788e-05,9.330779e-05,1.2274778e-05,-4.3914715e-05,0.0025086594,-0.0001789501,-0.0010961503,-0.0010641711,0.0040428983,0.0008128113,0.00012689682,-0.00028129865,0.004365058,-0.00011890795,-0.0021605187,0.0007293504,0.005115511,-8.312513e-05,6.007056e-05,0.000106592044,0.00010279221,3.526645e-05,0.00038587544,-1.4735025e-05,-7.0030655e-05,-0.0005525874,2.1804397e-05,3.7604077e-05,0.00069041515,2.012593e-05,-0.0011058996,0.00012884308,0.00021100033,-0.00025879339,-0.0005060486,5.963707e-05,8.805909e-05,-6.6063454e-05,1.475435e-05,9.974017e-05,-0.00039555563,-4.049609e-05,1.265274e-05,-9.657701e-06,-2.455891e-05,1.4869048e-05,6.4155785e-05,1.7638009e-05,0.00017072387,8.2342594e-05,-6.26573e-05,6.6426e-05,-0.00069312355,9.57811e-05,-0.005498851,0.0021440983,-2.3576082e-05
BU*BV,-0.7909853654687564,0.034610167,1.32943989204914e-115,4.7554577e-06,-1.4854544e-05,-0.00018022639,-1.706588e-05,-5.7058565e-05,-1.6857348e-06,-7.676615e-06,-2.2819942e-05,-0.00018691688,1.1020339e-05,1.2445802e-05,5.117572e-05,-9.051947e-05,-0.00012444946,0.00023097634,-0.00023844239,-9.654943e-05,6.6313705e-06,1.819857e-05,-0.0008486229,0.0005607961,-0.0074874023,0.00013950876,-0.0016761055,0.0002699,0.0001253088,0.00014415327,-0.00011890795,0.0011978636,-0.010318773,0.0026492106,0.00036978675,-2.6123136e-05,-1.8110579e-05,-2.1496033e-05,3.5547553e-05,7.362034e-05,0.00011203495,3.1621712e-05,-2.568084e-06,0.00022883114,4.4853732e-05,0.00016855418,0.00033985832,7.469209e-05,0.00050604023,8.350938e-05,-0.00012424312,-7.491045e-05,-0.0012804209,-5.195947e-05,1.1623615e-05,0.00042580228,4.9327073e-06,-1.7713834e-05,-0.00025117482,-1.084306e-05,-3.847094e-05,-4.2022977e-05,2.4354133e-06,-0.00013885053,3.9242514e-05,2.6628046e-05,0.00025689078,-0.00021399898,5.3285636e-05,-0.00011577787,-0.0006274999,-0.0003208399,0.009863436,-0.0010741794,5.0227387e-05
BU*CS,-5.622257676802899,0.9854331,1.1609255387997472e-08,-0.00022149165,-0.0011398358,-0.001379557,-0.0007396125,-0.001724763,0.00017257675,-0.00033377667,0.0013261873,-0.002133517,-0.000632438,-0.0032812278,0.0025867233,0.0008995134,-0.015457161,-0.002099402,0.0057359496,-0.0027043251,0.0013434625,0.0006003086,0.0017415426,-0.0074195946,0.18496045,-0.1952834,-0.08355717,-0.019646252,0.0024974518,0.001763078,-0.0021605187,-0.010318773,0.97107846,-0.24944611,-0.09455685,-0.0004911482,0.0011895946,0.00083054963,0.001376716,0.0005005123,0.01427042,0.0019156247,-0.0010643536,-0.0047609685,0.0012566713,0.00045236744,-0.0038763094,0.0020649363,0.13278246,-0.0007124028,-0.0058332863,-0.0011053676,0.07614035,0.0043170466,0.00031177845,-0.0008134033,-0.000531975,0.002678527,-0.015309277,0.00017030157,0.002937674,0.00033509874,0.0005232219,0.0004902328,-0.00065331085,0.0011373246,-0.011340146,0.021428704,-0.0017054421,0.0016975105,0.010639474,0.0045235823,-0.40858096,-0.024778944,-0.0027022068
BU*DP,1.1396167388996756,0.4018443,0.004568731412081224,0.00023038007,0.00013598947,-0.0008116391,0.00012058567,0.00062574993,5.1997395e-05,-0.00023304668,-0.00023093524,-0.0014016195,6.966919e-05,0.0006290365,-0.00088253885,-0.000106732914,0.008971614,0.0014268543,-0.0011794087,-0.001231073,-0.00011124081,-0.0005664928,-0.0065247673,0.0007573535,-0.015042518,0.11977867,0.020137448,-0.00084913796,0.00047210147,-0.00046295117,0.0007293504,0.0026492106,-0.24944611,0.16147885,0.034424506,-7.906887e-05,-0.00039403906,-8.7237146e-05,-0.0003947603,-4.9455142e-05,0.00021492754,0.0004509343,4.5028133e-05,-0.00040143193,-0.00051353406,-0.00040688674,0.0007396535,-0.0008245,-0.021484055,0.0061141243,0.00036450813,-9.2496375e-05,-0.028598182,-0.0005972017,-0.0001589048,-0.0005574883,-0.00016040626,0.0009067139,0.00021977471,8.817094e-05,-0.0011671825,0.0005623262,0.0004077023,0.00034221032,0.0005410723,0.0007774828,0.0035236904,0.0019947847,0.00027193045,0.0003250885,-0.004103602,-0.0009222408,0.08180664,-0.017796598,0.00045689018
BU*CH,2.016855299695268,0.34126708,3.4230945363151163e-09,4.0965984e-05,8.091818e-05,-5.515918e-05,0.00033924493,0.0008084295,3.12482e-06,0.0002790853,-0.0009598779,-5.281312e-06,0.00015331835,0.00055964093,-0.0006382303,-0.0002431663,-0.0010840909,0.0006652558,-0.0023447021,0.00051586307,-6.626959e-05,-0.00023160211,-0.00022178011,-0.00024474208,0.0057147266,0.018145232,0.13542357,0.0056513865,7.11554e-05,-0.0010445981,0.005115511,0.00036978675,-0.09455685,0.034424506,0.11646322,2.6383359e-05,-0.00029662426,-0.00015522678,-0.00072267075,-0.0003434159,-0.0034719019,-0.00058585394,0.0014375935,-0.0016855461,-0.0009853083,0.00013128103,-0.0016663019,-0.0008690612,-0.015970156,-0.006469135,0.0041094483,-0.00028229173,-0.0102386065,-0.000110114954,-0.00021619532,-0.0007953773,-7.3341694e-06,-0.0013160423,0.015181154,0.00010267657,-0.0004842128,-0.0003881942,-0.00029654894,0.00027485137,0.00034332645,-0.000979282,-0.0027797774,0.0018796504,-2.0231673e-05,-0.0026038368,0.0038882555,-0.000296955,0.008826295,0.032082167,0.002014225
CD*CA,-0.4037099668241354,0.038465112,9.061227057407898e-26,4.565636e-06,-4.4517546e-06,-1.7449938e-05,-5.0258393e-05,-1.2794692e-05,-1.6321134e-06,-1.3394306e-05,-2.1681894e-06,1.1994348e-05,-3.2418047e-06,1.0669655e-05,0.00021792165,-4.6514942e-06,-0.0019006862,0.00028291336,-8.540753e-05,8.1946644e-05,4.507386e-06,1.1824577e-06,4.2430853e-05,-2.0366942e-05,-0.00033345533,-0.00010502932,-0.00024021133,0.0005560206,1.1506796e-05,1.1946547e-05,-8.312513e-05,-2.6123136e-05,-0.0004911482,-7.906887e-05,2.6383359e-05,0.0014795649,6.343998e-05,2.6602509e-05,-7.4866606e-05,-1.0443588e-05,-0.00043656013,-0.000389977,8.5633765e-06,0.0002185101,8.552824e-06,-1.5275331e-06,-4.521124e-05,1.0129538e-05,4.6634457e-05,-7.801396e-05,7.739838e-06,0.00084405433,-2.0771231e-05,-3.0803276e-05,-0.00010828133,-4.9775565e-05,4.287094e-06,-0.0006036366,0.0005123877,0.00054121815,1.3215285e-05,2.1296407e-06,-0.00015153293,-1.3992239e-05,-0.00038024917,2.9341107e-05,-0.00032248214,-0.00020994619,6.231212e-06,-6.030654e-07,-0.00033353272,-2.4101819e-05,-3.007718e-05,2.500009e-05,3.5614003e-06
CD*BT,-0.819993276273966,0.056227494,3.5773350060696935e-48,-4.2071592e-06,0.00018416044,9.989139e-06,-0.00021232707,-2.490798e-07,-3.6810247e-06,-6.643092e-05,-1.881875e-06,5.657275e-05,-5.1887626e-05,7.0729816e-06,-5.759102e-06,2.6516932e-06,-0.00079218124,6.970869e-05,6.8147914e-05,-8.0431884e-05,-0.0002271092,-0.00017761195,-0.0043825964,-0.00019121254,0.0033409356,-0.00048769865,-0.0017722824,-1.654114e-05,-1.6404067e-05,-8.319032e-06,6.007056e-05,-1.8110579e-05,0.0011895946,-0.00039403906,-0.00029662426,6.343998e-05,0.003161531,0.00017023679,0.0004805479,0.00018951608,0.00079361233,0.00032328407,0.00035404426,-9.027775e-06,3.5586465e-05,3.7699901e-06,7.197164e-06,3.0433753e-06,6.9626476e-05,-0.00011456701,-2.0166824e-05,-3.0162248e-05,-0.00024388534,2.6281914e-06,2.8380246e-06,-1.1689871e-06,1.1541332e-05,3.9536812e-06,-2.454747e-05,1.1454142e-05,0.0003089435,6.6990724e-05,4.5617424e-05,8.704378e-05,1.1614487e-05,0.00025270015,0.00035878367,-3.8524304e-05,0.00047628474,2.5762423e-05,-0.0007213168,2.5188237e-05,-0.0006545651,-0.001030183,3.8058577e-06
CD*BU,-0.494246322759809,0.014371286,3.409192093703811e-259,-3.4224203e-07,4.936385e-06,4.253461e-06,-0.00014268067,-7.3727565e-06,-2.81155e-06,-4.4555236e-05,-1.3718426e-06,-4.287954e-06,-3.1519864e-06,1.5154472e-05,3.159956e-05,4.4203816e-06,-0.00086509826,6.674752e-05,6.4693675e-05,8.0649015e-06,-6.431417e-06,-6.3484545e-06,0.00041945177,-1.1647824e-05,-0.0001415536,0.00040978947,-0.00012255587,1.4010806e-05,-5.7971583e-06,3.3604442e-06,0.000106592044,-2.1496033e-05,0.00083054963,-8.7237146e-05,-0.00015522678,2.6602509e-05,0.00017023679,0.00020653388,0.00030909374,0.00012466405,0.000414,0.00022223232,0.00022342546,-1.2415765e-05,6.427738e-06,2.1707543e-05,1.6106058e-05,7.863669e-06,-1.4874748e-05,1.4221166e-05,-1.2907133e-05,-4.034616e-05,0.0001395708,2.7894252e-05,-8.630858e-06,-4.8244533e-06,8.624967e-06,1.952621e-05,-0.00012450572,-5.5917117e-06,4.574009e-05,8.730091e-05,3.1453743e-05,5.1262028e-05,-1.8610092e-05,0.00016657195,0.00023061613,7.419403e-06,1.648858e-06,3.1865366e-05,-0.00048186514,1.6587497e-05,-0.0006242822,-0.00052575866,2.7467536e-06
CD*CD,-1.1635765170264323,0.03334225,7.983306010191765e-267,-2.0519099e-06,-2.5759698e-06,-4.74748e-05,-0.0003657071,-4.0048097e-05,-6.281583e-06,-0.00011768199,-8.140242e-06,9.535495e-05,-2.8874026e-06,1.1223304e-05,9.224038e-05,6.643941e-06,-0.0022771326,-1.0164994e-05,7.237736e-05,-8.529393e-06,-3.1273422e-07,-1.3175098e-06,0.00077768235,3.7142331e-06,-0.001222309,0.00045907724,-0.0013364139,-6.622056e-05,3.9718845e-05,5.8971298e-05,0.00010279221,3.5547553e-05,0.001376716,-0.0003947603,-0.00072267075,-7.4866606e-05,0.0004805479,0.00030909374,0.0011117057,0.00033052347,-0.00021382963,0.00029576305,0.000296909,-3.6824e-05,3.478093e-05,3.5726283e-05,5.1386673e-05,5.3743366e-05,-4.4350472e-05,-6.14336e-05,1.6573473e-05,-7.680706e-05,0.00015005768,4.6606144e-07,2.7464006e-05,-8.037395e-06,1.9677555e-05,-7.272752e-05,7.182813e-05,-6.4700325e-05,0.0001303437,0.000115013696,0.00012395767,0.000106920575,-0.00010953033,0.00044726892,0.00077550515,-0.00011798559,3.1207797e-05,4.7611204e-05,-0.0011672152,2.3787828e-05,-0.0010401112,-0.0015772237,1.6506501e-05
CD*BV,-0.5622446224217471,0.019370034,3.045685285149869e-185,7.8753146e-07,3.859563e-06,-9.03518e-06,-0.00014939811,7.835936e-06,-2.5414527e-06,-4.594626e-05,6.694459e-07,-3.9449817e-05,-1.11833025e-07,1.949192e-06,2.8880882e-05,-7.343217e-06,-0.0005594926,6.926237e-05,5.2160467e-05,-4.670996e-06,-5.994508e-06,-2.9507476e-06,0.00036407856,1.8220164e-05,-7.084272e-05,0.00035408078,-0.0005157266,-3.179432e-05,6.420416e-06,1.0355965e-05,3.526645e-05,7.362034e-05,0.0005005123,-4.9455142e-05,-0.0003434159,-1.0443588e-05,0.00018951608,0.00012466405,0.00033052347,0.00037519823,0.00037131627,0.00026388306,0.0002839019,6.4914886e-05,-1.4498395e-05,-8.128429e-06,0.0001651783,-1.5125398e-06,1.1573714e-05,-0.00012838245,-3.6681024e-05,-5.1404695e-05,3.5645924e-05,1.1272598e-06,-1.3106264e-05,8.599224e-05,7.906237e-06,4.592953e-05,-0.00020514424,-1.3004197e-05,4.713069e-05,4.3100357e-05,3.7597096e-05,0.00014811647,4.8124217e-05,0.0001741015,0.00017985704,-3.7086524e-05,1.9873916e-05,-1.8350897e-06,-0.0005357342,4.9513073e-06,0.00012921958,-0.00066727004,-1.9284728e-06
