Param name,Param value,Param stdv,Param p-value,CA,BT,BU,CD,BV,CS,DP,CH,CA*CA,CA*BT,CA*BU,CA*CD,CA*BV,CA*CS,CA*DP,CA*CH,BT*CA,BT*BT,BT*BU,BT*CD,BT*BV,BT*CS,BT*DP,BT*CH,BU*CA,BU*BT,BU*BU,BU*CD,BU*BV,BU*CS,BU*DP,BU*CH,CD*CA,CD*BT,CD*BU,CD*CD,CD*BV,CD*CS,CD*DP,CD*CH,BV*CA,BV*BT,BV*BU,BV*CD,BV*BV,BV*CS,BV*DP,BV*CH,CS*CA,CS*BT,CS*BU,CS*CD,CS*BV,CS*CS,CS*DP,CS*CH,DP*CA,DP*BT,DP*BU,DP*CD,DP*BV,DP*CS,DP*DP,DP*CH,CH*CA,CH*BT,CH*BU,CH*CD,CH*BV,CH*CS,CH*DP,CH*CH
CA,0.27961342776661846,0.014698897,1.1053209700397864e-80,0.00021605755,2.304826e-06,7.694865e-06,7.712601e-06,5.7049015e-06,-9.2931464e-07,-2.6576757e-07,-6.911575e-07,-0.00044156573,-0.00021794364,-0.00011538971,-0.00038163504,-8.256207e-05,-0.005855574,-0.00018252365,-0.0009533675,-6.728683e-06,-2.89664e-06,1.2989888e-06,-5.458161e-06,1.8478599e-05,-4.204517e-05,0.00017854784,0.00015797772,1.3570948e-05,-7.0154306e-06,-3.653872e-06,-1.5922495e-05,1.0896822e-05,-0.00033227802,0.00010028604,0.00010900007,-5.3876694e-05,-6.434249e-06,-4.3053697e-06,-3.1228853e-06,-2.2355182e-06,8.250429e-05,-1.1866988e-05,-2.874312e-05,-1.1321949e-05,-6.0185175e-06,-7.3666904e-09,-4.9823766e-06,-3.623893e-06,-5.268011e-05,2.9596455e-05,2.1814316e-05,0.00020152809,-8.261554e-06,6.3527104e-06,3.4814144e-05,8.06057e-06,2.850177e-06,-0.00015534583,0.000103549195,-2.533502e-05,1.1128974e-06,2.1095432e-06,6.6456932e-06,2.9755754e-06,0.00014485142,-9.3970215e-08,9.197441e-05,2.4474804e-05,-2.4857393e-06,5.0661088e-06,-4.657787e-06,-9.04405e-06,-6.122423e-05,5.394957e-05,1.2653621e-06
BT,1.0378295168741454,0.020088417,0.0,2.304826e-06,0.00040354455,0.000107749016,9.512376e-06,3.9888004e-05,1.8279636e-08,2.0266457e-06,2.6198404e-06,-1.945371e-05,2.1583692e-05,7.716111e-07,-1.9872624e-07,-1.642536e-06,0.0002683378,-1.6399008e-05,5.4081606e-06,-0.0001540891,-0.0003359312,-0.00040008588,-0.00033373325,-0.00061613845,-0.0033525787,-0.0017667795,-0.0009824283,-5.0034334e-05,-7.239713e-05,-0.000120844954,-4.307783e-05,-0.000106313346,0.001089596,-0.00019456322,0.00019889468,-2.8631315e-05,4.762413e-05,8.993246e-06,-2.9119767e-05,1.2388983e-06,0.0002144472,2.1458609e-05,0.0001536696,-2.345814e-05,4.7426318e-05,-1.826872e-05,-2.1817352e-05,-4.9836304e-05,0.00045573898,-2.3960898e-05,-5.39961e-05,-3.752168e-05,9.415073e-05,1.706471e-05,1.3084691e-05,6.5394506e-06,-5.98587e-08,8.631319e-05,-6.991151e-05,-1.7341083e-05,8.3868945e-05,2.6062755e-05,1.8617542e-06,3.109697e-05,0.00023629962,-7.2130433e-06,-3.869644e-05,-1.8319603e-05,9.8743396e-05,1.9995256e-05,1.6140817e-05,1.17016425e-05,-3.799042e-05,1.1946046e-05,-5.492491e-06
BU,0.9776153600294285,0.017526273,0.0,7.694865e-06,0.000107749016,0.0003071702,5.632221e-05,0.000109564106,9.317751e-07,2.5096393e-05,6.162696e-06,-4.466001e-05,1.7987111e-06,1.1178309e-05,-4.484612e-06,2.8384027e-06,0.0003808846,-2.33207e-06,-3.9220522e-05,6.203009e-05,-0.0001288655,-2.6653812e-05,0.00014124662,0.0001378293,0.0014323874,0.0020310213,0.002519873,7.404264e-05,-0.00025432976,-0.0003268107,-0.00020031517,-0.00023209113,-0.003526862,-0.00030606886,0.0004577772,-2.5680461e-05,-3.874353e-05,-1.1029612e-05,-0.00013950677,-5.1516868e-06,-2.9585313e-05,-1.2490775e-05,0.00021805632,5.2335003e-05,-6.8033645e-05,-6.291047e-05,-5.2005842e-05,-0.00013652329,-0.0011462892,2.9554616e-05,3.073811e-05,-1.7635793e-05,2.0528201e-05,6.114965e-06,2.773985e-05,3.8144924e-06,-2.8717595e-06,3.85323e-05,-4.2393913e-05,-2.2086047e-05,-1.2281158e-05,2.822215e-05,-1.8025094e-05,4.949063e-05,-4.878385e-05,-8.910956e-05,-9.5455885e-05,-0.00011025596,-3.5208977e-05,3.3942786e-05,5.194444e-05,7.171351e-06,0.0014023155,7.4092706e-05,-1.27901485e-05
CD,0.7055163223103019,0.025473075,7.683010643016279e-169,7.712601e-06,9.512376e-06,5.632221e-05,0.0006488776,3.2377844e-05,1.2168173e-06,8.9859626e-05,6.901326e-06,-0.00011326595,-1.414071e-05,-1.4323166e-05,2.962473e-05,7.7633285e-07,0.0018604607,3.37703e-05,-0.00026480257,-6.3707055e-05,-6.092544e-06,-1.44287e-05,-0.00018386767,1.0529657e-06,0.0008148786,0.0003740912,0.0006129625,-0.00018787566,-4.4698045e-05,-6.7505855e-05,2.5797655e-05,-3.2916276e-05,0.0008948544,0.0004776153,0.00015557572,-0.00027643007,-0.00065273955,-0.00037260124,-0.0014128967,-8.681699e-05,-0.0037067027,-0.0004912089,-0.001695635,-8.654915e-05,-2.0601967e-05,-3.54973e-05,6.4032094e-05,-4.219475e-05,0.0013304746,0.00021516638,-0.00010090445,-3.671718e-05,3.0038183e-05,1.1062623e-05,0.0002831551,1.1757872e-05,-3.7371258e-06,0.00015429957,-7.224911e-05,-6.602608e-05,-8.808954e-05,-8.831033e-05,-1.3081259e-05,-7.7571254e-05,0.0009828792,-0.00033863966,-0.0006505805,-0.00012349155,-1.0911705e-05,-2.8096798e-05,0.0005578932,-5.2555333e-06,0.0011689188,0.00060820405,-1.3638512e-05
BV,0.7978512096828722,0.017254021,0.0,5.7049015e-06,3.9888004e-05,0.000109564106,3.2377844e-05,0.00029770122,8.4949806e-07,2.2608832e-05,4.04151e-05,-4.122043e-05,1.8519943e-06,5.454105e-06,-6.9267226e-06,1.846285e-05,0.0005468961,-1.308681e-05,5.061805e-05,-2.0680387e-05,-4.7845206e-05,-1.9242689e-05,3.6864658e-05,6.158951e-05,0.0006699818,0.0011376296,0.0018657544,-6.2790554e-05,-9.396089e-05,-0.00011277237,-8.9327936e-05,-4.1088453e-05,-0.0016647293,0.00043284456,0.0011253066,-2.211435e-05,-3.1523945e-05,-1.1103451e-05,-7.638876e-05,-7.0883475e-06,8.81235e-05,-1.0947448e-05,8.8897315e-05,0.00027954718,-0.00033924196,-0.00026645773,-0.00018218157,-0.0003327301,-0.002763358,-0.0012445861,-0.00022647317,-1.2740195e-05,-3.7161851e-06,2.5987679e-06,2.7748203e-05,2.604791e-06,-2.6129376e-06,4.914483e-05,-0.00013822953,-1.9138359e-05,-1.9880785e-05,3.4486035e-07,-1.8803794e-05,0.00015168065,-6.871457e-05,-7.9723395e-05,-8.841007e-05,3.8903832e-05,-4.1637526e-05,-8.052185e-05,-7.0773196e-05,1.2923883e-06,0.00052576035,-0.0003971805,-8.2322294e-05
CS,0.31277803227609674,0.003597482,0.0,-9.2931464e-07,1.8279636e-08,9.317751e-07,1.2168173e-06,8.4949806e-07,1.2941878e-05,2.536186e-07,6.9415975e-08,1.170189e-05,1.1358534e-06,6.81761e-07,-1.5132179e-07,2.2823924e-06,-0.00028904958,-5.0391254e-06,-5.1604543e-06,-1.2917332e-06,-3.427614e-08,1.2303565e-07,-8.339334e-07,2.0988415e-07,-6.5119557e-06,1.027452e-05,-3.5201733e-06,-2.9753426e-06,-9.2922346e-07,-8.5942446e-07,-1.7623303e-06,-4.5135553e-07,0.00010472448,5.217249e-06,-6.698732e-06,-8.046446e-07,-1.343601e-06,-7.922742e-07,-2.765317e-06,-1.0882527e-07,1.0100874e-05,-1.1687878e-06,-4.198522e-06,-1.932018e-06,-9.0211705e-07,-1.1697283e-06,-4.6398515e-07,-9.74818e-07,7.6723205e-05,2.8912286e-06,-1.6289653e-06,-4.2908773e-06,-1.7250517e-05,-1.3511134e-05,-3.8160004e-05,-1.2230127e-05,-4.000278e-05,-5.7978494e-05,-5.106834e-05,-5.110056e-07,-2.1922301e-07,-1.7941896e-07,-1.2459152e-07,1.8127318e-07,-5.4765164e-06,-9.2649594e-07,-3.0786218e-06,1.310128e-06,2.0328301e-07,-3.805103e-07,1.1484311e-06,2.4472945e-07,-0.00011068841,-6.9456282e-06,-1.4891457e-07
DP,0.5371964084300493,0.014375951,1.3075736565960283e-305,-2.6576757e-07,2.0266457e-06,2.5096393e-05,8.9859626e-05,2.2608832e-05,2.536186e-07,0.00020666796,1.0669856e-05,1.1782747e-05,-1.3423763e-06,-3.513367e-06,6.9547964e-06,1.2276654e-06,0.00021790442,-0.000114724695,9.094564e-06,-2.6763953e-05,2.648797e-06,-2.5934478e-06,-3.5068595e-05,-3.5984976e-05,0.00014708772,-0.0008279006,0.00034660482,-1.3988051e-05,-2.188258e-05,-2.8936469e-05,-8.103922e-06,-1.38546075e-05,-0.00025539144,0.00010705541,0.00022078711,3.2208132e-05,-9.2297225e-05,-4.3711298e-05,-0.00021955425,-6.7459587e-06,5.7216184e-05,-0.0001718817,0.0005187853,9.904794e-06,-2.1246226e-05,-1.8096755e-05,-2.7942312e-06,-2.6010875e-05,-0.0002538044,0.000109858636,-5.8434376e-05,5.87349e-06,3.066484e-06,1.1745908e-05,5.241166e-05,3.7984514e-06,-7.8103113e-07,3.034676e-05,-0.000107456624,2.5344323e-05,-0.00022451134,-0.00019026613,-0.00026381225,-0.00021316922,-0.0022366855,-0.00072390534,-0.0016088394,-0.00010149808,-6.7943856e-06,-1.9031817e-05,0.00017220552,1.0992136e-05,-0.00094457855,0.0011056166,-2.1407075e-05
CH,0.5347706279558604,0.014673963,8.718825113663372e-291,-6.911575e-07,2.6198404e-06,6.162696e-06,6.901326e-06,4.04151e-05,6.9415975e-08,1.0669856e-05,0.00021532518,2.586505e-06,-5.869866e-07,-9.904195e-07,-5.135614e-07,-4.1469104e-07,0.00018053505,-5.2277214e-06,-8.020667e-05,-2.791364e-05,-2.435767e-07,-1.1304215e-06,-2.8912135e-07,-3.265899e-05,0.00027485864,-3.5209297e-05,-0.0016897165,-6.612124e-05,-4.1923677e-06,-1.0015606e-05,1.1754399e-05,-1.685252e-05,0.0007457613,-2.3655712e-05,-0.00064686977,-1.4178145e-05,-6.969307e-06,-4.9611745e-06,-1.3283562e-05,-2.693124e-06,3.0162502e-05,-5.1540287e-06,-0.00032987614,3.702179e-05,-4.7553825e-05,-3.2952415e-05,-2.5814337e-05,-4.5464963e-05,-0.0005801519,-0.00014562978,6.079322e-05,-1.1220768e-05,1.4324256e-05,1.6617194e-06,9.347933e-06,2.0709767e-06,-2.1547895e-07,-2.0283309e-05,0.0004241957,-1.0691516e-05,-1.0051234e-05,-7.400374e-06,-7.805584e-06,-1.1729946e-06,-0.00021869678,-3.8187594e-05,0.0003271057,0.00011377601,-0.00021049131,-0.00016800381,-0.0005684289,-0.00020902095,-0.0020200866,-0.0016826764,-0.00044853665
CA*CA,-1.3936964666543903,0.10873976,1.3202784432608925e-37,-0.00044156573,-1.945371e-05,-4.466001e-05,-0.00011326595,-4.122043e-05,1.170189e-05,1.1782747e-05,2.586505e-06,0.011824337,0.00044695623,-5.9201233e-05,-0.0014621101,-0.00011708381,-0.0023559618,-0.009174087,0.00055589183,6.567732e-05,2.4213248e-05,4.309031e-06,-2.8828093e-05,-6.263055e-05,-0.000405731,-0.0011057266,-0.0005492756,-0.00011980834,3.4608707e-05,4.214342e-05,-1.5372996e-05,-2.475081e-05,-0.000629771,-0.0003892426,-0.00021237571,0.0009490428,0.00010469138,2.792455e-05,0.00016173413,-2.8536873e-05,-0.00069927383,-5.631063e-05,0.0006838772,-5.8147332e-05,3.853346e-05,2.8138407e-05,-6.159178e-05,4.696617e-05,-0.0006000613,9.111592e-05,-8.991089e-05,-0.0031846836,-7.149947e-05,-0.00010793854,-0.00042490594,-1.6489941e-05,-3.5864065e-05,0.0028646097,-0.0006385305,0.00034907882,-1.8120052e-05,-4.977583e-05,-8.611983e-05,-1.5961497e-05,-0.0009854026,-3.4484943e-05,-0.0008280651,-0.00010536084,1.908746e-05,-2.9366636e-05,7.75218e-05,8.152217e-05,-0.00020249066,-0.00033328953,-2.560711e-06
CA*BT,-0.2090709919501952,0.026951225,8.669945413452164e-15,-0.00021794364,2.1583692e-05,1.7987111e-06,-1.414071e-05,1.8519943e-06,1.1358534e-06,-1.3423763e-06,-5.869866e-07,0.00044695623,0.0007263685,6.976363e-05,0.00039174358,8.3236795e-05,0.003955747,0.00023606958,0.0009844407,0.00023180184,1.5520146e-06,-2.704242e-05,-7.0664086e-05,-4.7761314e-05,0.001063281,-0.00021856964,-4.5180364e-05,4.0100294e-05,8.4052745e-06,-1.0784159e-05,1.0390236e-05,-6.182052e-06,-0.00057844754,-9.7928905e-06,9.289951e-05,5.1247887e-05,2.875068e-05,6.4676497e-06,1.8186267e-05,2.6693267e-06,-9.0746595e-05,2.0133733e-05,1.01395e-05,2.3215236e-05,7.2869057e-07,-4.053998e-06,7.81345e-07,-5.1200605e-06,-6.550705e-05,-8.453647e-05,-1.8156901e-05,-0.00022076767,-0.0004102678,-7.995741e-07,-2.335363e-05,3.4544264e-06,-3.4866746e-06,0.0002353684,-0.000116621355,2.2279177e-05,-3.818659e-06,1.8126e-07,-4.676492e-06,3.0857975e-06,-0.00014908673,5.8292885e-06,-7.100265e-05,-5.1552674e-05,2.8191069e-05,-1.260512e-05,-6.1115184e-06,-8.254665e-08,0.00074701797,-6.914726e-05,1.4768292e-06
CA*BU,-0.12207507632691648,0.02064206,3.3410145606977656e-09,-0.00011538971,7.716111e-07,1.1178309e-05,-1.4323166e-05,5.454105e-06,6.81761e-07,-3.513367e-06,-9.904195e-07,-5.9201233e-05,6.976363e-05,0.00042609466,0.00012663924,6.931066e-05,0.0008745117,0.00032640356,7.52167e-05,6.295736e-05,-5.067304e-06,1.5652908e-05,2.1911144e-05,-6.5980303e-06,-0.0005594108,0.000121283105,0.0004108971,0.00022377436,-1.3546763e-05,-4.8929287e-06,1.2339627e-05,-1.1244393e-05,-0.0017144919,7.170321e-05,0.00040774533,-1.1873553e-05,1.15275625e-05,3.6399968e-05,2.136501e-05,7.187266e-08,-1.2184329e-05,2.357306e-06,-0.0002129284,3.4682947e-05,-6.715928e-06,4.6801074e-06,3.2656067e-06,-1.1210176e-05,-0.0006576043,-1.9713807e-05,9.7788e-05,4.2394335e-05,-2.3784785e-05,-3.602137e-05,2.9394057e-05,-3.0773695e-05,-2.0749562e-06,-6.3505104e-05,0.00039624193,-3.4660757e-06,2.5910163e-06,-5.445017e-07,-6.0327934e-06,5.114008e-06,0.00016287444,1.3238418e-05,-5.4068223e-05,9.462418e-06,-5.0873464e-06,3.8865514e-06,-2.4599889e-05,-3.868627e-06,-0.00028271563,0.0001684366,1.7557305e-06
CA*CD,0.0414688726108177,0.05086634,0.4149282163447672,-0.00038163504,-1.9872624e-07,-4.484612e-06,2.962473e-05,-6.9267226e-06,-1.5132179e-07,6.9547964e-06,-5.135614e-07,-0.0014621101,0.00039174358,0.00012663924,0.0025873845,4.9846717e-06,0.011064861,0.00018652833,0.0031085843,9.054199e-05,1.1654048e-06,-1.178282e-05,7.9014164e-05,-5.6877438e-05,0.00014978857,-0.00044095228,-0.00015103242,0.00013627911,4.791669e-06,-1.056207e-05,0.00013038456,-5.8962705e-05,0.00085902377,-0.00028990163,-0.0001312098,0.00033348825,-3.4569413e-05,-7.3489255e-06,-5.181322e-05,2.0155378e-05,-0.0011085372,-0.00013330115,0.0011248573,0.000117615884,6.4048545e-06,-9.101853e-06,7.911604e-05,-5.9152326e-06,0.0004644991,-0.00010003897,-0.00011439226,-0.000119024,4.5248427e-05,2.599952e-05,-0.0003379027,3.8361974e-05,5.82448e-07,0.00079846854,-0.00034699764,5.312957e-05,-9.199917e-06,-3.4495e-06,4.959836e-06,-2.8767354e-06,-0.0010051688,-3.0778214e-05,0.00012916242,-8.806457e-05,2.6091432e-06,-1.940528e-05,1.0469685e-05,-6.6527605e-06,0.00071610475,0.00028295157,1.6667237e-06
CA*BV,-0.21771278748283757,0.03291574,3.734519699091053e-11,-8.256207e-05,-1.642536e-06,2.8384027e-06,7.7633285e-07,1.846285e-05,2.2823924e-06,1.2276654e-06,-4.1469104e-07,-0.00011708381,8.3236795e-05,6.931066e-05,4.9846717e-06,0.0010834461,-0.0051314905,0.0011750634,-0.0031213125,-1.61275e-05,1.3865417e-06,-4.4316353e-06,1.2909794e-05,4.7468693e-05,-0.00029192684,0.00014843371,-0.0001487174,-4.4114062e-05,-2.1520862e-06,-4.764271e-06,1.4915769e-06,1.2890585e-05,-0.0004906793,6.456973e-05,-6.458456e-05,-5.1502386e-05,6.0885793e-07,4.049879e-07,3.1312612e-07,4.4163076e-05,-0.00032374787,3.453847e-05,-0.0009436514,-3.4040066e-05,-2.4094228e-05,-3.7007314e-05,1.6247579e-05,-4.338907e-06,-0.00032547602,7.6200755e-05,-1.0323784e-05,0.00015383428,1.8731307e-05,5.737939e-06,1.020419e-05,-0.00027516292,-6.9682433e-06,-0.00034182274,0.0009004442,2.3142788e-06,2.3087753e-06,2.5837503e-06,-5.079578e-06,-5.300171e-05,-0.0002169137,-8.411181e-07,-9.399248e-05,0.0002175306,-1.0614047e-05,-1.5482052e-05,-7.043425e-05,-3.1648462e-05,0.0012670208,-0.000107165324,2.0378475e-06
CA*CS,6.758663691971093,1.158314,5.381799050839747e-09,-0.005855574,0.0002683378,0.0003808846,0.0018604607,0.0005468961,-0.00028904958,0.00021790442,0.00018053505,-0.0023559618,0.003955747,0.0008745117,0.011064861,-0.0051314905,1.3416914,-0.046988033,-0.06727822,-0.0021119548,-0.00020214388,-0.00024161421,-0.0011294745,0.000792578,0.035294835,-0.0047406727,-0.01112344,-0.0057044714,-0.00022346224,-0.000734719,-0.0003387017,-0.00025071704,0.048848737,-0.0040514194,-0.011428167,0.00070113107,-0.0018748487,-0.0015034468,-0.0042896084,-0.00013156912,0.014229389,-0.0048100385,0.007693247,-0.0023085163,-0.00038902956,-0.0007729294,0.00027432665,-0.0009902584,0.018145805,-0.0046297056,-0.0016880453,-0.0044958564,-0.0003173122,-0.0014729693,-0.0045912615,-0.0018589577,0.00088826043,-0.016357677,0.018812126,7.325779e-06,-0.00012712863,-0.0001115513,-0.00043989014,-0.0009314682,0.01688888,-0.00084009906,-0.002532393,-0.0037107817,6.112598e-05,-0.00022547191,0.0020658646,0.00042356795,0.008241615,-0.01077614,-0.00041454082
CA*DP,0.7792123164603176,0.19570255,6.844844691462273e-05,-0.00018252365,-1.6399008e-05,-2.33207e-06,3.37703e-05,-1.308681e-05,-5.0391254e-06,-0.000114724695,-5.2277214e-06,-0.009174087,0.00023606958,0.00032640356,0.00018652833,0.0011750634,-0.046988033,0.03829949,-0.00268331,2.5309055e-05,5.8403684e-06,3.5389653e-06,1.9968904e-05,-1.8661036e-06,-0.0023828377,0.0030377898,0.00018471235,0.00048252198,2.132412e-06,1.52462235e-05,-9.365718e-05,7.964672e-05,-0.0034762148,0.00069602806,0.00019084725,0.0003076758,-3.3195127e-05,6.2677784e-05,-0.00032802892,6.850049e-05,-0.00068137154,0.0020867735,-0.005015513,0.00027300697,2.1483893e-05,4.7940906e-05,1.0189061e-06,3.5609533e-05,-0.0028201954,-0.00042681352,0.0005466318,0.004986305,0.00019933502,0.00028676397,0.0004307687,8.929232e-05,1.5569734e-05,-0.011675588,0.0010210486,0.00059371896,0.00013802173,9.778741e-05,0.00032158062,1.6950287e-07,-0.00011235487,0.00042073743,-0.00013956385,-0.00010462041,-2.2908382e-05,8.283448e-05,-0.00012069764,-5.6967998e-05,-0.0013461404,-0.0029717642,9.569081e-07
CA*CH,0.3700920364921819,0.30154765,0.21970660379933538,-0.0009533675,5.4081606e-06,-3.9220522e-05,-0.00026480257,5.061805e-05,-5.1604543e-06,9.094564e-06,-8.020667e-05,0.00055589183,0.0009844407,7.52167e-05,0.0031085843,-0.0031213125,-0.06727822,-0.00268331,0.090930976,0.0005627695,-1.8419727e-05,3.1724427e-05,1.2114576e-06,-0.00057631196,-0.00034065612,0.00023348183,0.0033023462,0.0014658804,1.5673884e-05,8.14827e-05,-7.342568e-05,-0.00013933275,0.001624614,0.00070493895,7.236841e-05,-0.00012909563,0.00023840842,0.00014974315,0.0005698433,-0.00016602388,-0.000754144,0.0002239005,0.012271679,0.0006445423,-7.415368e-05,5.4208544e-05,-0.00035627754,-4.8983155e-05,-0.0017767932,0.00014421839,-0.0019363944,-0.0024595452,0.0001473961,0.00048320377,0.0004334597,0.0015023369,1.5498772e-05,0.010328711,-0.030260518,-0.00033149085,-3.543274e-05,-4.494928e-05,4.210951e-05,0.00056056504,-0.0022833173,-5.5435517e-05,-0.0015269677,0.0012168523,0.00020379602,3.9300998e-05,0.00018141148,0.001041515,-0.0016572988,-0.009295059,0.00018698911
BT*CA,-0.30682973252787993,0.22028705,0.16366116180240198,-6.728683e-06,-0.0001540891,6.203009e-05,-6.3707055e-05,-2.0680387e-05,-1.2917332e-06,-2.6763953e-05,-2.791364e-05,6.567732e-05,0.00023180184,6.295736e-05,9.054199e-05,-1.61275e-05,-0.0021119548,2.5309055e-05,0.0005627695,0.048526388,-0.00047355294,-0.00038224063,0.00047368405,8.851374e-05,-0.0041895383,0.015248665,0.012113677,0.0041028606,-1.7769438e-06,-0.00012688195,-9.472336e-05,-0.00021280562,-0.00813538,-0.0020004422,0.0009567956,0.0005251399,4.688217e-05,7.001323e-05,7.1459115e-05,-2.51526e-06,-0.0012418121,-8.75535e-05,0.0010856942,0.0011171697,0.00046096306,5.4244856e-06,-0.00021199259,4.5919078e-05,-0.001214514,-0.00084917864,-0.00066703156,0.00067558925,-0.00052659435,7.0122645e-05,-0.00019074934,4.378036e-05,4.1198055e-06,-0.00032244145,-0.00071259023,9.724653e-05,0.00014392528,5.440793e-05,-7.5379553e-06,-8.7263885e-05,-0.00016845993,0.000101331214,0.0007345798,-0.0013618689,-0.0004188401,-2.5376576e-05,0.00048395165,4.274805e-05,0.004015484,0.0019689589,6.1278944e-05
BT*BT,-1.0191207254348207,0.019869274,0.0,-2.89664e-06,-0.0003359312,-0.0001288655,-6.092544e-06,-4.7845206e-05,-3.427614e-08,2.648797e-06,-2.435767e-07,2.4213248e-05,1.5520146e-06,-5.067304e-06,1.1654048e-06,1.3865417e-06,-0.00020214388,5.8403684e-06,-1.8419727e-05,-0.00047355294,0.00039478805,0.00018844659,-3.7719532e-05,0.00020884747,0.0021875114,8.044642e-07,0.00020742223,1.5038092e-05,0.00010686498,0.00014585437,6.061245e-05,9.202591e-05,-0.00027521333,4.464643e-05,-0.00028316554,2.9263723e-05,-3.8832677e-05,-1.3464336e-05,2.2198506e-05,-2.702386e-06,-0.00022482326,-3.1622065e-05,-0.00016951906,1.9232064e-06,9.077759e-06,1.1805526e-05,2.3533094e-05,6.0734732e-05,-0.00014067099,-2.7890846e-05,6.1248254e-05,4.4914468e-05,-0.000120099336,-1.8742741e-05,-1.3291812e-05,-9.543202e-06,1.10817325e-07,-9.245057e-05,9.725086e-05,1.988777e-05,-0.00013261735,-3.255064e-05,-9.013606e-06,-3.834921e-05,-0.00028968978,-8.73077e-06,3.10823e-06,3.4968245e-05,-0.00015090652,-2.5696401e-05,-1.3639134e-05,-1.1418137e-05,-0.00024037501,3.90082e-05,4.9768397e-07
BT*BU,-0.7278801993292149,0.039981093,4.658342177386711e-74,1.2989888e-06,-0.00040008588,-2.6653812e-05,-1.44287e-05,-1.9242689e-05,1.2303565e-07,-2.5934478e-06,-1.1304215e-06,4.309031e-06,-2.704242e-05,1.5652908e-05,-1.178282e-05,-4.4316353e-06,-0.00024161421,3.5389653e-06,3.1724427e-05,-0.00038224063,0.00018844659,0.0015984877,8.320629e-05,0.000623962,-0.0013396493,6.855373e-05,-0.0020799045,1.7472086e-05,0.00014317749,7.2705705e-05,-8.519501e-05,0.000115946415,-0.001574224,-0.00016151207,-0.0010741996,1.3283021e-07,-4.5964526e-07,4.1369444e-06,3.0161227e-05,2.5817424e-06,-0.00010326838,2.164581e-05,0.00012549004,7.319928e-05,-0.00013119001,4.3418408e-05,-7.1506342e-06,2.6058808e-05,-0.0008806974,0.00011316347,-0.0001198849,-1.2064346e-05,-0.00015242137,-6.3517864e-06,-1.10343235e-05,8.724073e-06,-3.861601e-07,3.0939722e-05,-0.000118302356,-4.7784224e-06,-5.7561305e-05,-3.6675807e-05,5.7561515e-06,-2.0072506e-05,0.0004734955,4.4655862e-06,-0.00011821374,8.370012e-05,-0.00025919147,-1.351262e-05,-6.8889145e-05,-3.448513e-05,0.0018642229,-0.00055944826,2.5557165e-06
BT*CD,0.019425116741021386,0.08963211,0.8284261596370261,-5.458161e-06,-0.00033373325,0.00014124662,-0.00018386767,3.6864658e-05,-8.339334e-07,-3.5068595e-05,-2.8912135e-07,-2.8828093e-05,-7.0664086e-05,2.1911144e-05,7.9014164e-05,1.2909794e-05,-0.0011294745,1.9968904e-05,1.2114576e-06,0.00047368405,-3.7719532e-05,8.320629e-05,0.008033915,0.00048623965,0.010651951,0.009611809,0.009290219,0.00017500806,-0.000113339425,-0.00027622614,0.00059909606,-0.00025310557,-0.0010597716,-0.0012923414,0.0018305143,7.911465e-05,-2.9083796e-05,0.00017731609,0.0004937497,2.555976e-05,0.00026849782,-8.2377965e-06,-0.00025505957,-0.00012881073,-6.393375e-05,-2.0223377e-05,0.00024814083,-0.0001017015,-0.0026169403,-5.524137e-05,0.0006857463,-2.752421e-05,0.00086380704,-2.6851489e-05,-4.045991e-05,-5.8745274e-05,2.538497e-06,-0.00011936792,0.0004122159,1.998998e-05,0.00017523277,8.119985e-05,4.2923534e-06,6.9208916e-05,-0.00071042334,0.0001430218,0.00023015174,0.00025934246,0.00021821773,0.000102464604,-0.0006580667,-2.3862362e-05,-0.0008716581,-0.00017287344,9.035941e-07
BT*BV,-0.5497833245141711,0.10743243,3.0964488485808053e-07,1.8478599e-05,-0.00061613845,0.0001378293,1.0529657e-06,6.158951e-05,2.0988415e-07,-3.5984976e-05,-3.265899e-05,-6.263055e-05,-4.7761314e-05,-6.5980303e-06,-5.6877438e-05,4.7468693e-05,0.000792578,-1.8661036e-06,-0.00057631196,8.851374e-05,0.00020884747,0.000623962,0.00048623965,0.011541727,-0.013486172,-0.0057841237,0.0069045676,-4.1836545e-05,-0.00013402916,-9.1207075e-05,-0.00045278665,0.0010340714,-0.013071272,0.00035409495,-0.0030296678,-0.000108413835,-1.8996025e-05,-7.4205826e-05,5.1148065e-05,4.020922e-05,-0.00027266899,-6.385754e-05,-0.0008677366,0.0005725122,0.00035519555,0.000121214725,8.301229e-05,-7.40456e-05,0.00069974374,0.00040464566,-0.0009439871,-0.00022500698,0.0001361612,-2.6224694e-05,3.3099062e-05,0.00015500783,-6.9292633e-07,0.0003461326,-0.00046322373,-8.490299e-05,0.00013073983,6.8818763e-06,4.5128232e-05,-6.229825e-05,0.0012267045,0.0001216368,0.0010236902,-0.00028067,0.00012294803,2.0441075e-05,-6.392358e-05,-0.0001701724,0.008711231,0.00042831246,7.146216e-05
BT*CS,0.4874227951032417,1.0479214,0.6418362414335224,-4.204517e-05,-0.0033525787,0.0014323874,0.0008148786,0.0006699818,-6.5119557e-06,0.00014708772,0.00027485864,-0.000405731,0.001063281,-0.0005594108,0.00014978857,-0.00029192684,0.035294835,-0.0023828377,-0.00034065612,-0.0041895383,0.0021875114,-0.0013396493,0.010651951,-0.013486172,1.0981393,0.016770048,-0.03521177,-0.0077515417,-0.0018110228,-0.0020489867,0.0015524168,-0.0063614245,0.28845325,-0.037743237,-0.012279017,-0.001100863,-0.0006817636,-0.00030058317,-0.0020651205,-0.00017482169,0.0074365083,0.00016672023,0.0008801497,-0.0037351397,-0.00022715732,-0.0012509149,-0.001237244,-0.00066917535,0.09721836,-0.0071817497,-0.008816246,-0.00078208017,-0.009481426,0.0012406362,0.00051022036,0.00038304986,2.0559224e-05,0.004003439,-0.0072798054,5.164667e-05,0.0010178677,0.0008156993,-4.8118276e-05,0.001131238,-0.0035479853,-0.0004979055,-0.0028152615,0.0024549167,0.0030051789,0.0009481896,0.0018553014,0.0017204373,-0.105837606,0.008645781,-0.0005596277
BT*DP,2.711022632370607,0.5855581,3.660019848416297e-06,0.00017854784,-0.0017667795,0.0020310213,0.0003740912,0.0011376296,1.027452e-05,-0.0008279006,-3.5209297e-05,-0.0011057266,-0.00021856964,0.000121283105,-0.00044095228,0.00014843371,-0.0047406727,0.0030377898,0.00023348183,0.015248665,8.044642e-07,6.855373e-05,0.009611809,-0.0057841237,0.016770048,0.34287828,0.014723437,-0.0020311477,-0.0016072722,-0.002468284,-0.0031193665,-0.0004787771,-0.10599503,0.052222032,0.004993146,-0.00076078624,-3.5409873e-06,-0.00014442977,-0.0010521656,-2.5303798e-05,0.0026993128,0.0020307756,-0.002916896,0.00041384803,-0.00063796586,-0.00072765513,-0.0005117125,-0.0015301333,-0.032409057,0.010423478,0.001617511,-0.00037105134,0.0022349115,0.00010116627,0.0005020157,-0.00012625937,-3.1743948e-05,-0.0014074169,-0.0012328872,-0.00012567171,-0.00281711,0.0013667793,0.0014517894,0.0016863062,0.0009775278,0.0028214096,0.0048229685,0.00021138549,0.0011529697,0.00055544503,-0.0001647803,-9.90783e-05,0.038754348,-0.023005968,5.0196355e-05
BT*CH,3.5410569977999047,0.6938819,3.338591897836199e-07,0.00015797772,-0.0009824283,0.002519873,0.0006129625,0.0018657544,-3.5201733e-06,0.00034660482,-0.0016897165,-0.0005492756,-4.5180364e-05,0.0004108971,-0.00015103242,-0.0001487174,-0.01112344,0.00018471235,0.0033023462,0.012113677,0.00020742223,-0.0020799045,0.009290219,0.0069045676,-0.03521177,0.014723437,0.48147213,0.0043218103,-0.001366141,-0.0044738515,0.00225797,-0.0052913222,-0.02843689,0.0018545106,0.14310195,8.8332665e-05,0.0003192774,0.0005533022,-0.0020218985,-0.00028170767,-0.0029792602,0.00018697168,0.02213694,-0.0033263466,-0.0014542373,-0.00017525654,-0.0014653587,-0.0023558883,-0.053639345,-0.0126425335,0.016041076,-7.6215394e-05,0.0021792736,0.00015099082,0.00012508708,-0.0009985442,1.072407e-05,-0.003609709,0.006741967,-1.9857156e-05,0.0007678671,0.00022344667,-0.00027577797,0.0012627085,-0.0055530975,-0.001214767,-0.010132062,0.0011319917,-0.00793572,-0.0007010774,0.004787493,0.0033510136,-0.057232656,0.01725393,0.0035245102
BU*CA,-0.4634033730348566,0.09939389,3.1270649282625738e-06,1.3570948e-05,-5.0034334e-05,7.404264e-05,-0.00018787566,-6.2790554e-05,-2.9753426e-06,-1.3988051e-05,-6.612124e-05,-0.00011980834,4.0100294e-05,0.00022377436,0.00013627911,-4.4114062e-05,-0.0057044714,0.00048252198,0.0014658804,0.0041028606,1.5038092e-05,1.7472086e-05,0.00017500806,-4.1836545e-05,-0.0077515417,-0.0020311477,0.0043218103,0.009879145,-9.7132775e-05,-0.00034150993,-3.7086436e-05,-3.410682e-05,-0.021421056,-0.0018220509,0.0048076324,0.0016993602,0.00017630243,0.00022659803,0.00027764603,-2.5385098e-05,-0.0019978993,-0.00029770468,-0.00076703273,0.0026032191,4.0869404e-06,0.00020170676,-0.0004201338,0.00010119015,-0.004574681,-0.0010207194,-0.0013377519,0.0022771878,-0.0003756209,0.00020509516,-0.0004233072,5.343548e-05,9.2751825e-06,-0.0019142563,-0.0016704929,0.00053399394,-4.469063e-05,2.9051856e-05,-0.00010082201,-5.4391465e-05,-0.0022957977,4.4801058e-05,0.00080193696,-0.0013805499,-3.1060918e-06,-0.00010225705,2.7339891e-05,-2.7114482e-05,0.012498568,0.0025667048,0.00013707788
BU*BT,-0.7986332827269147,0.017468024,0.0,-7.0154306e-06,-7.239713e-05,-0.00025432976,-4.4698045e-05,-9.396089e-05,-9.2922346e-07,-2.188258e-05,-4.1923677e-06,3.4608707e-05,8.4052745e-06,-1.3546763e-05,4.791669e-06,-2.1520862e-06,-0.00022346224,2.132412e-06,1.5673884e-05,-1.7769438e-06,0.00010686498,0.00014317749,-0.000113339425,-0.00013402916,-0.0018110228,-0.0016072722,-0.001366141,-9.7132775e-05,0.0003051319,0.00024508045,0.0001958613,0.00017745742,0.0038543043,0.00010591211,-0.0005204398,1.0747369e-05,8.9352376e-05,1.503263e-06,0.000107265456,5.7769275e-06,5.0252515e-06,1.3269365e-05,-0.00010078674,-6.0606435e-05,0.0001346684,4.700483e-05,4.650606e-05,0.000116733485,0.00090857677,-8.622003e-06,-3.5918623e-05,1.2345674e-05,0.0001997652,-1.0401461e-05,-2.6702619e-05,-5.119102e-06,2.862768e-06,-3.1641197e-05,2.519191e-05,1.4855751e-05,3.8125898e-05,-2.5687505e-05,1.619009e-05,-4.3256638e-05,4.900191e-05,7.749485e-05,8.969904e-05,0.00012246752,-2.9857587e-05,-9.263122e-06,-4.0279036e-05,-3.440884e-06,-0.0017576608,-1.8684976e-05,8.847887e-06
BU*BU,-1.0315015055913195,0.022725096,0.0,-3.653872e-06,-0.000120844954,-0.0003268107,-6.7505855e-05,-0.00011277237,-8.5942446e-07,-2.8936469e-05,-1.0015606e-05,4.214342e-05,-1.0784159e-05,-4.8929287e-06,-1.056207e-05,-4.764271e-06,-0.000734719,1.52462235e-05,8.14827e-05,-0.00012688195,0.00014585437,7.2705705e-05,-0.00027622614,-9.1207075e-05,-0.0020489867,-0.002468284,-0.0044738515,-0.00034150993,0.00024508045,0.00051642995,-3.3496395e-05,0.0002687797,0.0016787221,-0.00037481793,-0.0023151466,1.36612825e-05,3.196493e-05,2.819697e-05,0.00017231282,-2.2667657e-06,-0.00010451438,3.4161087e-06,-0.00039278402,-2.751517e-05,6.769895e-05,6.456637e-05,7.067418e-06,0.00015281115,0.0010520046,-7.5364944e-05,-0.00013428695,-5.2360315e-06,-2.2149166e-05,-4.497733e-06,-3.606506e-05,6.4699736e-07,2.6551445e-06,-4.2924758e-06,1.3966156e-06,2.2776641e-05,1.3725288e-05,-2.2081796e-05,1.7345043e-05,-5.4849923e-05,-1.7609053e-05,0.000104353276,0.00012090678,9.365289e-05,5.1812414e-05,-6.129721e-05,-7.0851136e-05,-2.0323849e-05,0.00014957605,-0.00039733667,2.0187666e-05
BU*CD,-0.5997690175284588,0.0387137,3.9030163879379384e-54,-1.5922495e-05,-4.307783e-05,-0.00020031517,2.5797655e-05,-8.9327936e-05,-1.7623303e-06,-8.103922e-06,1.1754399e-05,-1.5372996e-05,1.0390236e-05,1.2339627e-05,0.00013038456,1.4915769e-06,-0.0003387017,-9.365718e-05,-7.342568e-05,-9.472336e-05,6.061245e-05,-8.519501e-05,0.00059909606,-0.00045278665,0.0015524168,-0.0031193665,0.00225797,-3.7086436e-05,0.0001958613,-3.3496395e-05,0.0014987505,-0.00022500144,0.009986726,-0.0011633489,0.0035380488,-6.2217936e-05,-1.6852724e-05,0.00020551156,3.0369845e-05,1.840162e-05,-0.00021035888,-0.00011917669,0.00026808912,-0.00054303807,4.703355e-05,6.0847415e-05,0.0005045658,2.9488083e-05,-9.612814e-05,6.536929e-05,0.0008359193,-0.0001706065,2.5558182e-05,-1.0105125e-05,0.00016435135,-9.147909e-05,5.3371405e-06,0.00010295004,0.0005409609,-2.353514e-05,-1.2581784e-05,-4.6928317e-06,4.9976086e-05,-6.358027e-05,-2.0510359e-05,1.46242055e-05,-7.144326e-05,0.00026487623,-2.6382804e-05,6.518241e-05,-0.00019900435,1.7087339e-05,-0.005945588,0.00042231075,-2.3474287e-05
BU*BV,-0.7939784585364068,0.041186813,8.300480633231508e-83,1.0896822e-05,-0.000106313346,-0.00023209113,-3.2916276e-05,-4.1088453e-05,-4.5135553e-07,-1.38546075e-05,-1.685252e-05,-2.475081e-05,-6.182052e-06,-1.1244393e-05,-5.8962705e-05,1.2890585e-05,-0.00025071704,7.964672e-05,-0.00013933275,-0.00021280562,9.202591e-05,0.000115946415,-0.00025310557,0.0010340714,-0.0063614245,-0.0004787771,-0.0052913222,-3.410682e-05,0.00017745742,0.0002687797,-0.00022500144,0.0016963535,-0.008345797,0.0010871536,-0.0027284715,-0.00012801765,1.5865575e-05,-9.465497e-05,0.00013591809,7.0453425e-05,-2.0867576e-05,-3.4376106e-05,-0.0008971088,0.00072267605,8.752407e-06,0.00031745547,0.00013975883,5.623171e-05,0.0010827096,0.00097568735,-0.0010737978,-0.00034062105,-0.0002169321,1.1364718e-05,5.39539e-05,0.00029525973,1.3071436e-06,0.00037627193,-0.0013133514,-4.9307833e-05,1.4727746e-05,-6.660316e-05,1.2229592e-05,5.9547117e-05,3.466719e-05,5.2502917e-05,5.806032e-05,-0.0002535199,7.560632e-05,-3.3788685e-05,8.560699e-06,-8.367952e-05,0.005290152,-0.0006388666,3.5126206e-05
BU*CS,-3.2607330591280137,0.91808903,0.0003828203136252,-0.00033227802,0.001089596,-0.003526862,0.0008948544,-0.0016647293,0.00010472448,-0.00025539144,0.0007457613,-0.000629771,-0.00057844754,-0.0017144919,0.00085902377,-0.0004906793,0.048848737,-0.0034762148,0.001624614,-0.00813538,-0.00027521333,-0.001574224,-0.0010597716,-0.013071272,0.28845325,-0.10599503,-0.02843689,-0.021421056,0.0038543043,0.0016787221,0.009986726,-0.008345797,0.8428875,-0.085861474,-0.03977049,-0.004275207,-0.00036589958,-0.00043028285,-0.0021713963,-0.00023461733,0.032756127,0.0010065977,-0.00408815,-0.009893629,0.0013680548,0.00023867657,-0.0007373409,0.0020475802,0.26165268,-0.0044239094,-0.0225565,-0.0037839347,0.012801632,0.0034584547,0.0011600553,0.0010045643,-0.00032126898,0.013682337,-0.019423453,-0.0015513529,0.00010368396,0.00067848293,0.0003899517,0.00028145732,0.06282129,0.00085104373,-0.017295882,0.013922506,-0.0007583571,0.00093759946,-0.0010889466,0.001651838,-0.2113114,0.0035614874,-0.0015110611
BU*DP,0.06376896114111713,0.2627502,0.8082393242739392,0.00010028604,-0.00019456322,-0.00030606886,0.0004776153,0.00043284456,5.217249e-06,0.00010705541,-2.3655712e-05,-0.0003892426,-9.7928905e-06,7.170321e-05,-0.00028990163,6.456973e-05,-0.0040514194,0.00069602806,0.00070493895,-0.0020004422,4.464643e-05,-0.00016151207,-0.0012923414,0.00035409495,-0.037743237,0.052222032,0.0018545106,-0.0018220509,0.00010591211,-0.00037481793,-0.0011633489,0.0010871536,-0.085861474,0.069037676,0.009857333,-0.00044669723,-0.000664032,-0.00017333067,-0.001385353,2.793393e-05,0.004486235,0.0013711621,-2.9740791e-05,-8.626861e-05,-0.0005089046,-0.0003341792,5.7355473e-06,-0.0006186592,-0.015924124,0.007942164,-0.00025667585,-0.0012382335,-0.0021604763,0.00017657482,0.0006937453,-0.00016419686,-1.6328331e-05,0.0026980375,-0.0016509418,2.2781061e-05,-1.9227702e-05,0.00040531805,5.9932292e-05,0.00017477685,-0.004629848,-0.0003754584,6.290145e-06,-0.00047539675,0.00013786633,9.729598e-05,0.0006581433,-4.4466397e-05,0.016834404,-0.004812886,4.3941563e-05
BU*CH,1.6202188928938301,0.35714924,5.718687525051685e-06,0.00010900007,0.00019889468,0.0004577772,0.00015557572,0.0011253066,-6.698732e-06,0.00022078711,-0.00064686977,-0.00021237571,9.289951e-05,0.00040774533,-0.0001312098,-6.458456e-05,-0.011428167,0.00019084725,7.236841e-05,0.0009567956,-0.00028316554,-0.0010741996,0.0018305143,-0.0030296678,-0.012279017,0.004993146,0.14310195,0.0048076324,-0.0005204398,-0.0023151466,0.0035380488,-0.0027284715,-0.03977049,0.009857333,0.12755558,0.00035741102,-0.00014095388,0.00054161117,-0.0008373771,-0.00017589319,-0.0037561425,0.000289262,0.021192297,-0.003591139,-0.0015892048,0.00025533958,-0.0007866139,-0.00148809,-0.04567649,-0.012797825,0.017082253,0.00044969723,-0.0011668198,-3.163236e-05,-0.00013149978,-0.0013287413,2.023399e-05,-0.0055858525,0.016005028,0.0001237995,-0.00028527377,-6.8743175e-05,-0.00016265937,0.00042400215,-0.011056192,-0.0008223509,-0.00030060994,8.824946e-05,0.00013679506,-0.0015206218,0.0020976174,0.0014948929,-0.030122211,0.009320617,0.001353462
CD*CA,-0.5582452127407996,0.09804152,1.2412081773707355e-08,-5.3876694e-05,-2.8631315e-05,-2.5680461e-05,-0.00027643007,-2.211435e-05,-8.046446e-07,3.2208132e-05,-1.4178145e-05,0.0009490428,5.1247887e-05,-1.1873553e-05,0.00033348825,-5.1502386e-05,0.00070113107,0.0003076758,-0.00012909563,0.0005251399,2.9263723e-05,1.3283021e-07,7.911465e-05,-0.000108413835,-0.001100863,-0.00076078624,8.8332665e-05,0.0016993602,1.0747369e-05,1.36612825e-05,-6.2217936e-05,-0.00012801765,-0.004275207,-0.00044669723,0.00035741102,0.009612139,0.00022966907,0.00031805257,-0.00055558636,0.00016208306,0.0002239787,-0.0012949392,0.00068923907,0.00081070984,5.9863232e-06,-2.0682612e-05,-0.00010825648,2.0876363e-05,-0.0027697552,2.0519336e-05,-7.334758e-05,0.0013571845,-2.6974594e-05,-5.545276e-05,-0.00020883085,-9.844045e-05,2.3143866e-06,-0.0013592502,0.0003917448,0.00198888,-4.1146646e-05,4.892698e-06,-0.00033737256,-1.7260956e-05,-0.008601666,-0.00018995632,-0.00012902323,1.5033373e-05,2.4632456e-05,-4.3991553e-05,-0.00024667336,2.5897556e-05,-0.0020155665,0.0019203859,2.926936e-05
CD*BT,-0.6245831171104195,0.03293267,3.2915404078626573e-80,-6.434249e-06,4.762413e-05,-3.874353e-05,-0.00065273955,-3.1523945e-05,-1.343601e-06,-9.2297225e-05,-6.969307e-06,0.00010469138,2.875068e-05,1.15275625e-05,-3.4569413e-05,6.0885793e-07,-0.0018748487,-3.3195127e-05,0.00023840842,4.688217e-05,-3.8832677e-05,-4.5964526e-07,-2.9083796e-05,-1.8996025e-05,-0.0006817636,-3.5409873e-06,0.0003192774,0.00017630243,8.9352376e-05,3.196493e-05,-1.6852724e-05,1.5865575e-05,-0.00036589958,-0.000664032,-0.00014095388,0.00022966907,0.0010845606,0.00030886382,0.0014397076,7.527086e-05,0.0033809575,0.00047284842,0.0012327302,6.907309e-05,6.8035195e-05,3.405923e-05,-6.885031e-05,4.1309253e-05,-0.0013124098,-0.00016305769,9.191531e-05,2.4109835e-05,0.00011819453,-1.2338672e-05,-0.000288655,-1.0426982e-05,4.1255103e-06,-0.00014099893,5.961348e-05,5.7300673e-05,0.0001368498,8.724565e-05,1.1990739e-05,8.103961e-05,-0.0009443581,0.00034924512,0.00065912143,0.0001306303,-2.7248743e-06,3.9859413e-05,-0.0005784872,8.777646e-06,-0.0015106127,-0.0005815562,1.38447895e-05
CD*BU,-0.25570367914399644,0.027115265,4.0911956549908555e-21,-4.3053697e-06,8.993246e-06,-1.1029612e-05,-0.00037260124,-1.1103451e-05,-7.922742e-07,-4.3711298e-05,-4.9611745e-06,2.792455e-05,6.4676497e-06,3.6399968e-05,-7.3489255e-06,4.049879e-07,-0.0015034468,6.2677784e-05,0.00014974315,7.001323e-05,-1.3464336e-05,4.1369444e-06,0.00017731609,-7.4205826e-05,-0.00030058317,-0.00014442977,0.0005533022,0.00022659803,1.503263e-06,2.819697e-05,0.00020551156,-9.465497e-05,-0.00043028285,-0.00017333067,0.00054161117,0.00031805257,0.00030886382,0.00073523755,0.00043252108,0.00012513573,0.002377509,0.0006712204,0.001035078,-2.7850989e-05,2.1974623e-07,4.6301135e-05,1.3777461e-05,-6.2356617e-06,-0.0013584583,3.214353e-06,0.0001974197,2.028871e-05,-1.3611141e-05,1.5920321e-05,-0.0003035826,-3.052381e-05,2.4125904e-06,-6.084224e-05,6.434228e-05,6.41333e-05,3.5136825e-05,0.00010280402,-3.319434e-05,3.607671e-05,-0.00094762456,0.00015654146,0.00026826226,1.4380505e-05,-4.478134e-06,4.1121275e-05,-0.00024618697,1.4005728e-05,-0.0011801829,-0.00021896348,9.789765e-06
CD*CD,-1.4575433982989374,0.06656783,2.86037627050596e-106,-3.1228853e-06,-2.9119767e-05,-0.00013950677,-0.0014128967,-7.638876e-05,-2.765317e-06,-0.00021955425,-1.3283562e-05,0.00016173413,1.8186267e-05,2.136501e-05,-5.181322e-05,3.1312612e-07,-0.0042896084,-0.00032802892,0.0005698433,7.1459115e-05,2.2198506e-05,3.0161227e-05,0.0004937497,5.1148065e-05,-0.0020651205,-0.0010521656,-0.0020218985,0.00027764603,0.000107265456,0.00017231282,3.0369845e-05,0.00013591809,-0.0021713963,-0.001385353,-0.0008373771,-0.00055558636,0.0014397076,0.00043252108,0.004431276,-0.00012969866,0.002670428,-0.0008154407,-0.0015697763,0.00016973824,4.8909606e-05,7.020758e-05,-3.5234174e-05,0.000113372334,-0.0027729752,-0.0007228654,0.00018969357,1.8602726e-05,-9.385929e-05,-3.184848e-05,-0.00023156086,-9.303638e-06,8.537362e-06,-0.0003915471,0.00012238558,-9.293362e-05,0.0002159783,0.0001966232,0.00012437766,0.00019503565,-0.0013924474,0.00084139215,0.0014645214,0.000368131,2.8706392e-05,6.055157e-05,-0.0017197868,-7.712311e-06,-0.0018427891,-0.0019167545,2.5750041e-05
CD*BV,-0.09566752418553172,0.022687308,2.4780896973721006e-05,-2.2355182e-06,1.2388983e-06,-5.1516868e-06,-8.681699e-05,-7.0883475e-06,-1.0882527e-07,-6.7459587e-06,-2.693124e-06,-2.8536873e-05,2.6693267e-06,7.187266e-08,2.0155378e-05,4.4163076e-05,-0.00013156912,6.850049e-05,-0.00016602388,-2.51526e-06,-2.702386e-06,2.5817424e-06,2.555976e-05,4.020922e-05,-0.00017482169,-2.5303798e-05,-0.00028170767,-2.5385098e-05,5.7769275e-06,-2.2667657e-06,1.840162e-05,7.0453425e-05,-0.00023461733,2.793393e-05,-0.00017589319,0.00016208306,7.527086e-05,0.00012513573,-0.00012969866,0.00051471393,0.000831587,0.0005340627,0.0015751246,5.638187e-05,7.51016e-06,4.912145e-06,6.344153e-05,2.6139132e-05,9.436944e-06,-6.569647e-05,-8.5162224e-05,-2.1811693e-05,-4.0575346e-06,-5.815119e-06,-0.00014866472,1.6210814e-05,3.1453385e-07,5.5673565e-05,-5.3869157e-05,2.9507994e-05,5.575731e-06,4.82665e-06,-1.8100976e-05,2.8760618e-05,-0.00017935484,2.1507678e-05,3.3244145e-05,-4.219134e-06,6.685735e-06,-7.6842616e-07,5.3402862e-05,9.809287e-06,-0.00024126106,7.950827e-05,5.5999553e-06
