Param name,Param value,Param stdv,Param p-value,CA,BT,BU,CD,BV,CS,DP,CH,CA*CA,CA*BT,CA*BU,CA*CD,CA*BV,CA*CS,CA*DP,CA*CH,BT*CA,BT*BT,BT*BU,BT*CD,BT*BV,BT*CS,BT*DP,BT*CH,BU*CA,BU*BT,BU*BU,BU*CD,BU*BV,BU*CS,BU*DP,BU*CH,CD*CA,CD*BT,CD*BU,CD*CD,CD*BV,CD*CS,CD*DP,CD*CH,BV*CA,BV*BT,BV*BU,BV*CD,BV*BV,BV*CS,BV*DP,BV*CH,CS*CA,CS*BT,CS*BU,CS*CD,CS*BV,CS*CS,CS*DP,CS*CH,DP*CA,DP*BT,DP*BU,DP*CD,DP*BV,DP*CS,DP*DP,DP*CH,CH*CA,CH*BT,CH*BU,CH*CD,CH*BV,CH*CS,CH*DP,CH*CH
CA,0.2989133895879406,0.013907879,1.8346869367467763e-102,0.00019342908,1.5631161e-06,6.7076603e-06,3.1449608e-06,9.884221e-06,-1.1091876e-06,-2.0825391e-06,2.2009037e-06,-0.00026776083,-0.00021081834,-0.0001455064,-0.0003488023,-0.00011486346,-0.0041786274,-0.00042674784,-0.00026052434,-4.940622e-06,-1.7571431e-06,-1.2719042e-06,2.4801795e-05,5.270242e-06,0.0006490562,0.0003174361,6.642324e-05,3.1837913e-05,-6.18354e-06,-6.075744e-06,1.2271347e-06,3.7168113e-06,-0.00015141677,0.00022392477,2.6381978e-05,5.413766e-06,-4.025545e-06,-2.6362235e-07,-2.075316e-06,9.723418e-07,3.1102347e-05,-1.5129269e-05,8.274553e-06,2.5921117e-05,-8.428048e-06,-1.1010043e-05,-3.7313653e-06,-7.449006e-06,5.1247087e-05,0.00010348599,7.382545e-06,8.491894e-05,-7.202598e-05,6.0917523e-06,8.8570705e-06,1.0356802e-05,3.3734354e-06,8.5885085e-07,-5.3887095e-05,6.9455846e-06,2.7617066e-06,6.6867447e-06,1.4318143e-06,1.9325378e-06,3.1246807e-05,7.2185635e-06,5.285741e-05,-1.9851965e-05,8.991037e-06,-1.8227349e-05,-3.4807155e-05,3.739352e-06,0.00085864676,-8.406975e-05,-4.4492012e-06
BT,0.8720556570702327,0.015218071,0.0,1.5631161e-06,0.00023158967,4.3403597e-05,1.1222038e-06,1.7252773e-05,4.3452008e-08,-2.581618e-06,-1.5255623e-06,-2.740683e-05,4.8837487e-06,9.294421e-06,7.388758e-07,-3.026116e-06,0.0001173685,1.4376106e-05,-1.3864077e-06,-9.2312524e-07,-0.00022389973,-0.00019235702,-0.0008252937,-0.00021419031,-0.008704301,-0.002519148,-0.0016002961,3.254753e-05,-4.0190942e-05,-3.9456212e-05,-6.8171844e-06,-1.1935693e-05,-0.001251374,0.00015488733,9.3709255e-05,-3.8192343e-06,0.00018205693,4.6444397e-06,-2.5983593e-06,3.7047762e-06,5.234503e-06,2.4180167e-06,2.205111e-06,1.294814e-05,2.2295038e-05,-2.8781926e-06,5.0220724e-06,-2.061945e-05,-0.00021862739,-2.6604046e-05,-1.1561541e-05,-9.3293764e-08,5.6951983e-05,-9.187808e-07,5.4126724e-07,8.853824e-06,-1.4448723e-07,5.4324405e-06,-1.2677798e-05,-3.5916876e-06,0.0002261725,1.1503694e-05,4.872513e-06,1.3187723e-05,3.105059e-05,8.439735e-06,7.8379504e-05,-5.476593e-05,0.00025678836,2.3962202e-06,-3.212802e-05,-1.5587025e-06,0.00079416746,-4.6229907e-05,3.264583e-06
BU,0.9345848478435566,0.014179324,0.0,6.7076603e-06,4.3403597e-05,0.00020105322,2.1670425e-05,5.7699475e-05,1.2154676e-06,6.7617493e-06,3.4490079e-06,-8.269976e-05,-8.753042e-06,1.50810665e-05,-7.2543276e-06,-3.6403292e-06,0.000571781,1.7064163e-05,4.167322e-06,3.3036096e-05,-5.1742365e-05,-3.751032e-06,0.00067170575,1.8139256e-06,0.0012476048,0.0016780952,0.0015756072,-9.166275e-06,-0.00017009684,-0.00019213022,-5.6745874e-05,-0.00018075625,-0.0013810815,-0.0008196289,-8.628784e-05,-1.7020542e-05,8.103234e-06,4.344303e-06,-4.755395e-05,-9.048097e-06,-7.323477e-05,-2.8374843e-05,-1.5262973e-05,1.9703466e-05,-3.0393398e-05,-1.9224926e-05,1.3271992e-05,-7.297152e-05,-0.00057506934,-2.063576e-05,-1.959555e-05,1.0194465e-05,0.00057362264,2.0304728e-06,-1.5903937e-06,-3.1862307e-06,-3.7510229e-06,-3.3747763e-06,-8.016426e-05,-1.13276365e-05,6.930441e-06,3.7999074e-05,-1.3418842e-06,5.0437433e-05,-3.410803e-05,-2.4212744e-05,6.027543e-06,-9.668966e-05,-1.937766e-05,4.1151685e-05,6.408876e-05,3.315971e-05,0.00060784625,-4.2150314e-05,-7.0815345e-06
CD,0.6669169903138149,0.012660405,0.0,3.1449608e-06,1.1222038e-06,2.1670425e-05,0.00016028584,1.8199682e-05,2.9224586e-06,5.1588187e-05,3.6529764e-06,-4.524721e-05,-9.0741895e-07,-6.418261e-06,-1.1195975e-05,-4.2922006e-06,0.0009473753,-5.3856584e-05,-3.5133584e-05,3.4477887e-06,1.1224746e-07,6.982083e-07,-0.0003463417,-4.969856e-07,0.00062612584,-0.00024607874,0.0005759736,2.2677981e-05,-1.8275217e-05,-2.5788373e-05,-2.8558707e-05,-1.6906577e-05,-0.0008039956,0.0001308623,0.00034373495,-5.0545546e-05,-0.00020937253,-0.00014168139,-0.0003643756,-0.00014804526,-0.0005929548,-0.00024532757,-0.0002294183,2.6680214e-06,-1.5574718e-05,-1.6267231e-05,-1.1992732e-05,-2.3427729e-05,-4.684502e-05,1.2213374e-05,1.7575657e-06,2.3939256e-05,-8.357711e-05,-2.1232372e-06,-3.2559565e-06,-2.5166182e-07,-9.136768e-06,-4.0046025e-06,2.0486345e-05,-8.667701e-06,-5.5885863e-05,-5.2255305e-05,-4.0718634e-05,-5.016843e-05,-1.363148e-05,-0.00019424263,-0.00028261213,-8.681891e-06,-1.10473175e-05,-2.1509752e-05,0.0006183913,-5.884008e-06,0.00034330908,0.00081451633,-7.4503546e-06
BV,0.7532150160482841,0.011199443,0.0,9.884221e-06,1.7252773e-05,5.7699475e-05,1.8199682e-05,0.00012542751,7.087386e-07,8.994104e-06,1.8802475e-05,-0.00011923143,-2.4127753e-06,5.7989128e-06,3.900369e-06,-1.0326043e-05,0.0005074015,2.2725335e-05,1.25266e-06,1.5752608e-05,-1.9536825e-05,-1.2627048e-05,0.00018065293,8.223295e-06,0.0027071354,0.0011849442,0.0011429789,2.415153e-05,-5.0776776e-05,-5.7342644e-05,-2.4083578e-05,-5.1737163e-05,-0.0019267063,0.00070277444,0.00078906014,-1.285844e-05,1.4313802e-07,-7.520225e-06,-4.0361905e-05,8.110057e-06,-1.970329e-05,-2.2814547e-05,-1.0005617e-05,5.353838e-05,-0.00014422703,-0.00011234773,-3.4375746e-05,-0.00014086091,-0.0012874408,-0.00058556494,-6.621067e-05,5.376127e-06,-0.0002288074,2.2183874e-06,2.2640806e-06,9.4646775e-06,-2.1864353e-06,4.970189e-06,3.0920626e-05,-3.3049216e-06,-2.428128e-07,3.663717e-06,-8.509166e-06,8.407852e-05,-7.4018194e-06,-3.1604864e-05,7.1852346e-06,0.00018842416,8.994067e-07,-6.0211863e-05,-0.00017131855,-3.46328e-05,0.0020552925,-0.0004941628,-3.9392296e-05
CS,0.31142589519711,0.003723338,0.0,-1.1091876e-06,4.3452008e-08,1.2154676e-06,2.9224586e-06,7.087386e-07,1.3863247e-05,1.10308e-06,-1.167334e-07,2.9725934e-05,1.1292091e-06,7.153928e-07,-5.158885e-06,6.394769e-07,-0.00047515435,-1.06808875e-05,3.1370345e-07,-4.252629e-07,-1.9364029e-08,-1.1960205e-07,-5.8724904e-06,-9.144196e-07,-0.00011081112,5.1420426e-05,1.6623853e-05,-1.2956611e-06,-1.1060981e-06,-1.466083e-06,-4.715481e-06,-1.9506278e-06,0.00018557331,5.362491e-05,3.6199835e-06,-1.592638e-06,-3.558387e-06,-2.7309218e-06,-6.1854603e-06,-2.5172003e-06,3.51882e-05,-6.7202996e-06,-1.2304607e-06,-2.156914e-06,-4.5489867e-07,-4.643975e-07,-3.2702394e-07,-8.318005e-07,3.1501673e-05,3.752015e-06,-5.8099624e-07,-1.3207486e-05,-3.2290704e-05,-1.28686725e-05,-3.0945703e-05,-1.5731286e-05,-4.297945e-05,-4.359755e-05,-4.5163975e-05,-2.4430796e-07,-1.716073e-06,-1.2688749e-06,-1.7422634e-06,-2.2761516e-07,2.804221e-06,-3.7949644e-06,-1.4258293e-06,2.7163724e-06,3.1732483e-07,2.0158109e-06,3.1667835e-06,2.194936e-06,-0.0004663335,8.279338e-06,2.5479514e-07
DP,0.5318435238610382,0.010215862,0.0,-2.0825391e-06,-2.581618e-06,6.7617493e-06,5.1588187e-05,8.994104e-06,1.10308e-06,0.000104363826,4.625188e-06,3.8062564e-05,2.7328458e-06,-1.0198371e-06,-1.4739349e-05,3.671753e-07,0.00022541858,-7.023899e-05,-6.907417e-06,-2.9960106e-06,4.553341e-06,2.167231e-06,-0.00011744625,-1.2762739e-05,0.0005182865,-0.0012261894,0.0004674386,6.933695e-06,-5.835422e-06,-7.365251e-06,-2.02153e-06,-7.612604e-06,-0.0003715359,-0.0002525233,0.000274247,-1.3522601e-05,-6.4609434e-05,-4.3842523e-05,-0.000115121344,-4.529402e-05,-0.00010746285,-9.9551056e-05,-4.0048388e-05,1.1082004e-05,-7.3844235e-06,-7.903671e-06,6.0891402e-06,-1.1220288e-05,-0.0001854852,4.3421052e-05,-8.444817e-06,1.4360616e-05,-6.0634244e-05,-2.6845985e-06,5.2725036e-06,-5.6396567e-07,-3.4335726e-06,2.0492933e-05,-2.2709015e-05,5.408045e-06,-0.000116997224,-0.00011058374,-0.00014081827,-0.00012493107,-0.00023528314,-0.00036161556,-0.0012534814,-0.00013991521,-4.6766995e-06,-1.4452395e-05,0.00036982028,2.2262764e-05,-0.0010689199,0.001262968,-8.953756e-06
CH,0.5243888748542139,0.013785266,0.0,2.2009037e-06,-1.5255623e-06,3.4490079e-06,3.6529764e-06,1.8802475e-05,-1.167334e-07,4.625188e-06,0.00019003356,-3.9139497e-05,-2.8867448e-06,-1.9677827e-06,-2.5251526e-07,-4.547497e-06,0.00023716399,1.2719932e-05,-5.1118463e-06,-1.1045104e-05,2.6024552e-06,-1.2409491e-06,3.020996e-05,-2.4452445e-05,0.0008279282,-8.924112e-05,-0.002525694,-5.4268156e-05,-2.6433852e-07,-7.0785686e-06,1.0650421e-05,-2.4207278e-05,0.0013933119,-0.00025118195,-0.00089421123,-2.2446577e-06,-2.3801215e-06,-1.353378e-06,-8.30291e-06,3.7523267e-07,7.792404e-06,-4.4079784e-06,1.7879146e-06,2.7519009e-05,-2.4225785e-05,-9.022165e-06,-1.1842785e-05,-2.1450871e-05,-0.00035377243,-7.832758e-05,6.9229736e-06,-2.0960167e-06,8.380028e-05,6.3396883e-06,1.8158937e-06,4.4927538e-06,3.5246586e-07,9.116235e-06,0.00022383175,1.4853114e-06,-1.8141809e-06,-3.048336e-06,-4.8729426e-06,1.5005537e-05,-1.5150912e-05,-1.5833928e-05,0.00017499068,0.00010075534,-0.00020124951,-0.000103155915,-0.0006279156,-0.00018099237,-0.0027607998,-0.0018060559,-0.00040790747
CA*CA,-1.8092013139131826,0.14878584,5.090319700745125e-34,-0.00026776083,-2.740683e-05,-8.269976e-05,-4.524721e-05,-0.00011923143,2.9725934e-05,3.8062564e-05,-3.9139497e-05,0.022137227,0.0001470053,-0.0005045922,-0.005738806,-0.0008942423,-0.036535736,-0.011431466,0.00067200133,9.676207e-06,3.4396067e-05,1.5940723e-05,-0.00037692164,-0.00012795877,-0.0043037985,-0.002724935,-0.0005090282,-0.0003515491,7.3609386e-05,9.7603486e-05,-7.455004e-05,-0.00020506927,-0.0027811604,-0.001359226,4.022023e-05,-2.1214593e-05,6.2739746e-05,-1.8316962e-07,0.00010830698,-3.9406874e-05,-0.0008209373,0.00020226308,-1.7189788e-05,0.00034843702,0.00011506259,0.00014277088,-0.00036466037,0.00016325581,-0.003957811,-0.0008269131,0.00014543795,-0.0017844851,-0.00014436638,-9.442166e-05,-0.0001398857,-0.00049806235,-9.107226e-05,0.00017600271,0.00010081446,-7.632927e-05,-4.5352408e-05,-0.000109946115,6.334455e-06,-0.00016586996,-0.00031877166,-0.00013295062,-0.00093354844,0.0019121412,-3.398188e-05,0.0002529844,0.0005952024,0.00027651893,-0.010768788,0.00049992034,8.290259e-05
CA*BT,-0.22695274816477987,0.031800553,9.556014101491542e-13,-0.00021081834,4.8837487e-06,-8.753042e-06,-9.0741895e-07,-2.4127753e-06,1.1292091e-06,2.7328458e-06,-2.8867448e-06,0.0001470053,0.0010112751,7.0306174e-05,0.00044387288,0.00010730167,0.004768143,0.00050431566,0.00026989926,-4.0423623e-05,6.323264e-06,-1.4245437e-05,8.2804276e-05,-2.7374119e-05,0.008991071,0.00038037307,0.00034341455,6.3385465e-05,2.6086454e-05,2.59634e-07,-7.37875e-07,1.4459489e-05,-0.0007968221,0.0001272273,0.00018904333,-3.4464815e-06,-4.7506048e-05,-3.4805546e-06,-3.5702978e-06,-2.5305076e-07,-4.600409e-05,1.2260225e-05,-9.836953e-06,-8.0629405e-05,2.9862955e-05,-4.496083e-06,6.1822057e-06,-6.0331297e-07,0.00010218788,-0.00018082015,-1.1655455e-05,-7.170108e-05,-0.0013049947,-7.4879376e-06,-1.0826273e-05,4.467303e-06,-3.421482e-06,1.4367946e-07,5.424544e-05,-5.7836905e-06,-1.4979187e-05,-6.5196227e-06,-2.8195113e-06,4.859067e-06,-2.8086415e-06,-9.515213e-06,-6.004022e-05,-8.517266e-05,0.00010255357,-9.649536e-06,-1.8328612e-05,-2.4244848e-05,0.0006101681,-6.659243e-05,5.6322738e-06
CA*BU,-0.14560125860246048,0.025409723,1.0034800815413451e-08,-0.0001455064,9.294421e-06,1.50810665e-05,-6.418261e-06,5.7989128e-06,7.153928e-07,-1.0198371e-06,-1.9677827e-06,-0.0005045922,7.0306174e-05,0.000645654,0.00044085825,0.00011761642,0.0007730091,0.00056161324,0.00018844532,1.0126943e-05,-1.1890863e-05,5.49874e-06,8.5958454e-05,8.115581e-06,-0.0009646634,0.0007641613,0.0006513567,0.00017554214,-1.9251238e-05,-4.0760333e-06,8.4671025e-05,1.4796712e-05,-0.0036087271,0.0007382288,0.00056621,1.141084e-05,7.678292e-06,1.47709125e-05,1.1883119e-05,1.8849453e-06,-4.1803887e-05,5.432503e-06,-2.319689e-06,0.00018712012,-1.02986205e-05,4.3329383e-05,-1.928311e-05,-2.1341997e-05,-0.0011231404,-6.456543e-05,-2.3484698e-05,3.7537575e-05,-0.00021028255,-2.5376254e-05,-7.131914e-06,1.1123026e-05,-2.1263215e-06,8.628912e-06,0.0002058962,7.120088e-07,-6.39881e-06,-1.1853237e-05,-2.1729943e-07,3.3961373e-06,-3.2978845e-05,3.8523085e-06,5.4907236e-05,-8.964942e-05,-1.4711671e-05,4.856223e-05,-7.81394e-06,-2.494544e-05,-0.001086601,0.00019377843,3.388214e-06
CA*CD,0.25906167569290556,0.08467268,0.0022165779571042495,-0.0003488023,7.388758e-07,-7.2543276e-06,-1.1195975e-05,3.900369e-06,-5.158885e-06,-1.4739349e-05,-2.5251526e-07,-0.005738806,0.00044387288,0.00044085825,0.007169463,0.0005841562,-0.0075987373,0.0012440381,0.000868974,7.947725e-05,-2.0207365e-06,2.538597e-06,0.00019193931,4.3809637e-06,-0.0018674765,-0.00076255674,-0.0005059155,0.0004386775,2.286004e-06,8.662331e-06,0.00018370841,5.5121578e-05,0.0029815463,-0.00094959064,-0.0006034259,0.0002141508,-1.5196401e-05,2.6870915e-05,7.869574e-05,2.487286e-05,-0.0011744141,-3.745077e-05,6.739425e-05,-0.00022991044,-8.670061e-06,-1.3894279e-05,0.00040727682,-1.9636955e-05,-0.00018820245,-0.00026263332,-0.00013062665,0.00016861338,0.00057914056,4.1092542e-05,-8.587892e-05,0.00015006143,1.6885539e-05,0.00047433362,-0.00026236728,3.688915e-05,1.551432e-05,2.8410448e-05,5.0398703e-06,8.1480226e-05,-3.3271474e-05,4.975615e-05,-4.612253e-05,-0.0006846842,-1.7021312e-05,-3.25106e-05,0.0008320382,-0.00011040118,0.00039654772,-0.0011271467,6.762727e-07
CA*BV,-0.1262555328619234,0.0279591,6.3101339315619635e-06,-0.00011486346,-3.026116e-06,-3.6403292e-06,-4.2922006e-06,-1.0326043e-05,6.394769e-07,3.671753e-07,-4.547497e-06,-0.0008942423,0.00010730167,0.00011761642,0.0005841562,0.0007817113,0.00074506947,0.00082273944,-0.0005670064,2.098959e-05,4.6497407e-06,-2.315992e-06,1.41716055e-05,-4.65382e-05,-0.0001376946,-0.00013714595,-0.00022299815,3.973193e-05,5.1027364e-06,4.782714e-06,-4.736236e-06,-0.00010139076,0.0009631417,-0.00011651402,-0.00024041238,-5.6508957e-06,3.1666607e-06,5.461689e-06,7.570275e-06,-7.825156e-06,-1.7357199e-05,9.244633e-06,-1.5128558e-05,0.00036471983,2.3028172e-06,-5.8615683e-06,-6.53405e-06,3.0831783e-05,-0.0004988948,-3.4637927e-05,-3.259311e-05,3.757793e-05,0.00016024793,1.4544208e-05,-5.610502e-06,-0.00020201007,-1.9703414e-06,-5.2917917e-06,8.8423534e-05,1.055533e-06,3.2014327e-06,4.2626475e-06,-5.080448e-06,-7.739516e-05,1.5268555e-06,1.3829268e-07,-7.605626e-05,0.00066123705,-1.46561415e-05,2.9631794e-05,-0.00011668673,0.00010366571,-0.002060247,-3.9565628e-05,9.7349985e-06
CA*CS,7.650372646778626,1.0328755,1.2931717656259641e-13,-0.0041786274,0.0001173685,0.000571781,0.0009473753,0.0005074015,-0.00047515435,0.00022541858,0.00023716399,-0.036535736,0.004768143,0.0007730091,-0.0075987373,0.00074506947,1.066832,-0.0075330744,-0.019037072,-0.0012385593,-0.00011731707,-0.00023251759,-0.00043109857,0.00067014416,0.06916723,0.0145062,-0.0006942641,-0.009421758,-0.00041022417,-0.00076123525,-0.0006107539,-0.000121430356,-0.0219666,0.010548509,-0.0018414231,-0.0019420013,-0.0008864444,-0.0009280216,-0.0025046938,-0.0006216648,0.002962163,-0.0020163371,0.00022687593,0.002445466,-0.00038781663,-0.0011741148,0.0014592317,-0.0012435152,0.060005203,-0.0023288988,-0.0017655244,-0.002330973,-0.0066115772,0.0001400977,0.0012482062,0.0004699826,0.0014677591,0.0003576814,-0.00531008,-0.00014099083,-3.146105e-05,-0.00032087383,-3.320746e-05,2.7264916e-05,-0.0052955267,-0.00092209736,0.0038761783,0.0060921526,0.00038700947,-0.001303852,-0.0016959184,4.868256e-06,0.10798877,-0.009771536,-0.00051121396
CA*DP,0.6762783117600488,0.19319478,0.0004643862776631433,-0.00042674784,1.4376106e-05,1.7064163e-05,-5.3856584e-05,2.2725335e-05,-1.06808875e-05,-7.023899e-05,1.2719932e-05,-0.011431466,0.00050431566,0.00056161324,0.0012440381,0.00082273944,-0.0075330744,0.037324224,0.0002739445,-3.8960766e-06,-2.0599538e-05,-6.1419073e-06,0.00019944775,0.00013104061,-0.0051896167,0.0022329476,0.00075786124,6.189939e-05,-2.256318e-05,-2.1217033e-05,-5.099375e-05,0.0002590852,-0.0021280136,0.0013384016,0.00072507455,0.00030541228,7.1715185e-05,6.721978e-05,-4.0502737e-06,7.312746e-05,0.0006421939,0.00011339459,-0.00031512696,-0.0005170107,-3.7354628e-05,4.5552865e-06,-0.00016838987,-3.302948e-07,-0.000473718,0.001684909,-0.00012732082,0.0012752515,0.0004418688,0.00014161628,6.64286e-05,0.00038352972,3.1455125e-05,-0.003510016,0.00074477505,-0.00023412514,5.2853342e-05,0.00010815149,-1.832637e-05,6.206564e-05,0.0012011243,0.00026969737,0.00064526644,-0.0010201309,-5.0200433e-05,-8.375043e-05,-0.002007406,-0.00035339082,-0.00010513514,0.0046143276,-3.092504e-05
CA*CH,-0.055598989445867594,0.15801203,0.72493910225463,-0.00026052434,-1.3864077e-06,4.167322e-06,-3.5133584e-05,1.25266e-06,3.1370345e-07,-6.907417e-06,-5.1118463e-06,0.00067200133,0.00026989926,0.00018844532,0.000868974,-0.0005670064,-0.019037072,0.0002739445,0.0249678,0.000105410225,3.9149363e-06,1.3675238e-05,0.00014431294,-0.00021336843,0.00031325323,-0.00025545657,-0.0015181701,0.0006777681,-2.0778784e-06,7.780861e-06,-6.9323855e-06,-0.00019499162,0.004690793,-0.0010287282,-0.0019960268,-7.0100614e-05,5.4865362e-05,5.2983385e-05,5.8145986e-05,4.122642e-05,0.00051289785,0.00014378715,-7.872315e-05,-0.00021374637,-8.973178e-06,-1.6127464e-05,-0.0004388273,3.3409437e-05,-0.0013841117,-0.00012793607,0.0010683073,5.516772e-05,0.0005151919,0.00010610518,4.1287854e-05,0.00010573101,-1.7325119e-06,0.00029410832,-0.00495344,-4.868882e-05,-1.2505368e-05,2.9152807e-05,3.05931e-05,0.00040237143,0.00024369992,1.952647e-05,-0.0017272271,0.00034038228,-1.1641117e-05,-0.00010830398,-0.00065250776,0.0007731186,0.013578236,-0.008395002,2.5572208e-05
BT*CA,-0.12062707347606849,0.09592781,0.2085807510192419,-4.940622e-06,-9.2312524e-07,3.3036096e-05,3.4477887e-06,1.5752608e-05,-4.252629e-07,-2.9960106e-06,-1.1045104e-05,9.676207e-06,-4.0423623e-05,1.0126943e-05,7.947725e-05,2.098959e-05,-0.0012385593,-3.8960766e-06,0.000105410225,0.009202145,-0.0001140231,-7.563779e-05,9.444238e-05,-3.1335006e-05,0.00034239222,0.001099165,0.0028789653,0.0013548551,-4.072175e-05,-4.897558e-05,6.8738525e-05,-7.874296e-05,-0.0019756241,-0.0009266442,0.00040318575,6.35983e-05,-6.496929e-05,5.3127083e-06,-8.206542e-06,-4.899107e-06,-0.0002749454,-3.091855e-05,2.3852228e-05,0.00035998222,5.958944e-05,-2.1566057e-05,-0.00010992935,-3.081003e-05,-0.00043613045,-0.00015682893,-5.8765152e-05,0.0001807327,-0.00075302453,1.5030544e-05,-2.938738e-05,2.7121596e-05,1.6561348e-06,-5.4379296e-05,-0.00020729002,-2.4317978e-06,0.00013157887,-1.9344452e-06,4.7938383e-06,-3.260513e-06,4.63432e-05,1.0890185e-05,0.0002252044,-0.0012414177,2.6572892e-05,-4.508993e-05,0.0005627021,0.0001243894,0.0005695552,0.0013603538,2.5245088e-05
BT*BT,-0.8348484362751171,0.015881382,0.0,-1.7571431e-06,-0.00022389973,-5.1742365e-05,1.1224746e-07,-1.9536825e-05,-1.9364029e-08,4.553341e-06,2.6024552e-06,3.4396067e-05,6.323264e-06,-1.1890863e-05,-2.0207365e-06,4.6497407e-06,-0.00011731707,-2.0599538e-05,3.9149363e-06,-0.0001140231,0.00025221828,0.00013494783,0.00083174283,0.00010944464,0.009131769,0.0029648985,0.0018905641,-4.3958167e-05,5.793196e-05,4.687337e-05,1.0301423e-05,2.8257489e-06,0.0014467838,-0.00012637318,-7.6568744e-05,4.0129007e-06,-0.00022657585,-6.0472917e-06,-2.9042465e-07,-5.871565e-06,-8.067815e-06,-5.0852477e-06,-3.198376e-06,-1.9931484e-05,-1.9980253e-06,-4.3927594e-07,-1.18189955e-05,2.3645758e-05,0.00030303726,2.4563997e-05,1.52448665e-05,1.11553454e-07,-0.00011487593,1.3977279e-06,-4.975904e-07,-1.4883437e-05,7.113924e-08,-4.8726033e-06,2.0365937e-05,4.047701e-06,-0.00032110096,-1.3367675e-05,-7.6810475e-06,-1.2134631e-05,-4.0763465e-05,-1.4963672e-05,-0.00011501833,6.351727e-05,-0.0003343465,-3.5238754e-06,5.0383536e-05,5.279782e-06,-0.0009881407,8.1798265e-05,-5.6849285e-06
BT*BU,-0.6351766230905463,0.023007706,9.137910124941393e-168,-1.2719042e-06,-0.00019235702,-3.751032e-06,6.982083e-07,-1.2627048e-05,-1.1960205e-07,2.167231e-06,-1.2409491e-06,1.5940723e-05,-1.4245437e-05,5.49874e-06,2.538597e-06,-2.315992e-06,-0.00023251759,-6.1419073e-06,1.3675238e-05,-7.563779e-05,0.00013494783,0.00052935455,-1.7830465e-05,0.00021235147,0.001289954,-0.00011975638,0.0013129272,4.420705e-06,6.876143e-05,1.569535e-05,-4.3803826e-05,1.6540096e-05,0.00074808527,-0.00062368275,-0.0002685965,1.1212678e-06,-0.0001751425,-6.2143936e-06,-1.2794976e-06,-2.5957763e-06,-8.612605e-06,7.6408736e-07,-4.8970383e-06,1.898173e-05,-6.2896936e-05,2.2729622e-05,8.5873235e-06,1.39422655e-05,-0.00030213624,4.144016e-05,9.771847e-06,3.4850489e-06,0.0002019605,-2.6773027e-06,-3.40404e-08,6.511449e-06,3.7063302e-07,-2.6428131e-06,-2.7083792e-05,2.2940478e-06,-0.00012636665,-1.9071043e-05,-1.6407831e-06,-1.552068e-05,5.1334275e-05,-9.048357e-06,-7.849768e-05,4.3590364e-05,-0.00042630892,-7.480099e-06,-3.705018e-05,-9.455392e-06,0.0003435449,-0.00026062023,2.551082e-06
BT*CD,1.0901164107119659,0.20879894,1.7806488919219704e-07,2.4801795e-05,-0.0008252937,0.00067170575,-0.0003463417,0.00018065293,-5.8724904e-06,-0.00011744625,3.020996e-05,-0.00037692164,8.2804276e-05,8.5958454e-05,0.00019193931,1.41716055e-05,-0.00043109857,0.00019944775,0.00014431294,9.444238e-05,0.00083174283,-1.7830465e-05,0.043597,-0.00039040396,0.0068022585,0.02251099,0.008382349,5.8518865e-05,-0.0006051323,-0.0007238674,0.002233178,-0.00086250575,0.00220348,-0.0067044864,-0.0009263125,5.170791e-05,-0.004576613,0.0004303907,0.00081111165,0.0003790619,0.001161705,0.0004528944,0.00032474787,-3.416769e-05,-0.00013482761,-0.00010181258,0.000849772,-0.00026889256,-0.0024990723,-0.0002612641,0.00011134797,-0.0001385361,0.006740188,6.456256e-05,2.7657748e-05,-4.274313e-05,1.7662433e-05,3.1887783e-05,-0.00089726277,-1.9755476e-05,-0.00043749777,0.0003084765,2.9995295e-05,0.00038055962,-0.00023796209,0.00047632624,0.0008897191,0.0015657686,-0.0004928725,0.00016276975,-0.003865069,-5.2426934e-05,0.0052793724,-0.0039297515,-6.585056e-05
BT*BV,-0.48012017466561346,0.058278363,1.745361726454101e-16,5.270242e-06,-0.00021419031,1.8139256e-06,-4.969856e-07,8.223295e-06,-9.144196e-07,-1.2762739e-05,-2.4452445e-05,-0.00012795877,-2.7374119e-05,8.115581e-06,4.3809637e-06,-4.65382e-05,0.00067014416,0.00013104061,-0.00021336843,-3.1335006e-05,0.00010944464,0.00021235147,-0.00039040396,0.0033963677,-0.021671135,-0.0016075791,0.0026230072,-2.5332418e-05,-3.7424492e-05,-1.4285653e-06,-0.00016096927,0.0005625227,-0.0073826006,0.0008329603,-0.0002458382,-1.97506e-05,-0.00018204909,-1.085969e-05,4.374347e-06,1.9605164e-05,-9.105673e-06,-1.95567e-06,-2.3065073e-08,7.6554694e-05,0.00013988552,4.6673456e-05,0.00017705347,-4.9271102e-06,0.00022217864,-0.00020214693,-0.00010178573,-4.8149544e-05,0.0003114336,-4.3362128e-05,5.9440604e-06,0.00019394334,2.6799228e-06,-2.2100956e-05,0.00015777053,-1.3545679e-05,-0.00014042998,1.3695707e-05,1.02909635e-05,-0.00016756568,2.7941089e-05,4.170368e-05,0.0009149923,0.00012368929,-8.1893e-05,-7.04628e-05,-0.0007159761,-0.00029318852,0.009402948,-0.00013948086,5.5809585e-05
BT*CS,3.5198441174343307,2.4984515,0.1588912745374308,0.0006490562,-0.008704301,0.0012476048,0.00062612584,0.0027071354,-0.00011081112,0.0005182865,0.0008279282,-0.0043037985,0.008991071,-0.0009646634,-0.0018674765,-0.0001376946,0.06916723,-0.0051896167,0.00031325323,0.00034239222,0.009131769,0.001289954,0.0068022585,-0.021671135,6.24226,0.12963057,-0.013533694,-0.008337739,-0.0034733536,-0.0017183071,-0.000725923,-0.0070428546,0.13115515,0.010935959,0.017467534,-0.0003575929,0.0055807536,-0.00027608627,-0.0015008241,-9.305148e-05,0.001484981,-0.0007436466,-0.000771413,-0.0068427967,0.004612713,-0.0041418807,-0.00544744,-0.0027742232,0.089795046,-0.026361266,-0.004808017,0.00039831025,-0.5655751,0.0009988963,0.0005008285,-0.0017798505,0.00034344444,0.0011119745,-0.0014538892,0.00013000415,0.0045954757,2.9940613e-05,-0.0005042471,0.00323131,-0.0012632726,-0.0017443008,-0.019127417,8.101342e-06,0.04279404,-0.0019461542,-2.3042776e-05,0.0025686508,0.03142877,-0.056673434,-0.0017954184
BT*DP,4.9120958883888255,0.65644896,7.27390216110691e-14,0.0003174361,-0.002519148,0.0016780952,-0.00024607874,0.0011849442,5.1420426e-05,-0.0012261894,-8.924112e-05,-0.002724935,0.00038037307,0.0007641613,-0.00076255674,-0.00013714595,0.0145062,0.0022329476,-0.00025545657,0.001099165,0.0029648985,-0.00011975638,0.02251099,-0.0016075791,0.12963057,0.43092522,0.01719396,-0.0026064238,-0.0013122403,-0.0024932155,-0.0009076739,0.0003896494,-0.22793514,0.1365524,0.020567225,-0.00011131414,-0.00037727266,0.0004346202,0.0004685129,0.0003924153,0.0006086873,0.001105456,0.00019672189,-0.00014474579,-0.00054415234,-0.0005080485,0.0011412409,-0.0015687529,-0.02758885,0.006227273,0.00042316708,-5.5546698e-05,-0.016245306,-0.00048338546,-0.00020358161,-0.00047957126,-0.00015866841,-0.0001352225,-0.0022042564,-1.2657925e-05,-0.015202592,0.0017607531,0.0019061406,0.0018503898,0.0027302096,0.0041201897,0.00972731,0.006374694,-0.0011295055,0.0010843333,-0.009310361,-0.0010478223,0.10506237,-0.062369857,0.00013128057
BT*CH,4.450932064802405,0.7375441,1.59158599580559e-09,6.642324e-05,-0.0016002961,0.0015756072,0.0005759736,0.0011429789,1.6623853e-05,0.0004674386,-0.002525694,-0.0005090282,0.00034341455,0.0006513567,-0.0005059155,-0.00022299815,-0.0006942641,0.00075786124,-0.0015181701,0.0028789653,0.0018905641,0.0013129272,0.008382349,0.0026230072,-0.013533694,0.01719396,0.54397136,0.004482695,-0.00061900023,-0.002297428,0.0034442556,-0.0013106529,-0.08979405,0.022439022,0.1289745,-0.00020588402,-0.0015864804,-0.00014031724,-0.0012701639,-0.0004895511,-0.0038077696,-0.0008054666,0.00016255963,-0.0013825342,-0.0011938126,3.4409575e-05,-0.0012545798,-0.0013638486,-0.018959193,-0.0056751682,0.003831037,-0.00049619,-0.01323221,0.00010877716,-0.000207003,-0.00077197107,-4.8234186e-05,-0.0010682716,0.01065943,2.4932353e-05,-0.0019674778,-0.00026581882,-0.0004798243,0.0007208083,0.0013041238,-0.0015991027,-0.013841928,0.0036810732,-0.02760883,-0.0023922194,0.006781212,0.0014452327,0.024442114,0.040864084,0.0053769574
BU*CA,-0.4107189010595705,0.09671181,2.1681336340365625e-05,3.1837913e-05,3.254753e-05,-9.166275e-06,2.2677981e-05,2.415153e-05,-1.2956611e-06,6.933695e-06,-5.4268156e-05,-0.0003515491,6.3385465e-05,0.00017554214,0.0004386775,3.973193e-05,-0.009421758,6.189939e-05,0.0006777681,0.0013548551,-4.3958167e-05,4.420705e-06,5.8518865e-05,-2.5332418e-05,-0.008337739,-0.0026064238,0.004482695,0.009353173,-4.2020973e-05,-0.0002217765,0.00076524453,0.00027832756,-0.02032035,-0.00047010116,0.0056916755,0.0005638335,-1.3424487e-05,1.0452773e-05,-6.991944e-05,-3.5112065e-05,-0.001923764,-0.00024967027,-5.3054635e-05,0.0024372067,-8.57494e-05,7.4439544e-05,-0.00054881186,-0.0001108581,-0.0038200177,-0.0005155265,-0.00034603593,0.0013760191,-0.0011190242,8.2886814e-05,-0.00021571486,0.00034307197,6.1026003e-06,-0.0005136814,-0.0015789672,0.00012415086,-2.1587814e-05,-0.0001085358,-3.741335e-05,5.8281985e-05,-1.0321746e-05,-3.3493176e-05,0.0009969686,-0.0048523564,0.00012407219,-0.00038723726,0.0014014017,0.00033047103,0.010596115,0.0060360916,0.00011879175
BU*BT,-0.7786448855410111,0.014346003,0.0,-6.18354e-06,-4.0190942e-05,-0.00017009684,-1.8275217e-05,-5.0776776e-05,-1.1060981e-06,-5.835422e-06,-2.6433852e-07,7.3609386e-05,2.6086454e-05,-1.9251238e-05,2.286004e-06,5.1027364e-06,-0.00041022417,-2.256318e-05,-2.0778784e-06,-4.072175e-05,5.793196e-05,6.876143e-05,-0.0006051323,-3.7424492e-05,-0.0034733536,-0.0013122403,-0.00061900023,-4.2020973e-05,0.0002058078,0.00013911817,0.00011281136,0.00012632167,0.0025227189,0.00047695395,4.4752935e-05,1.122691e-05,-1.4495535e-05,-6.1991577e-06,3.9578128e-05,6.4491014e-06,8.391935e-05,2.6796377e-05,1.3218991e-05,-4.6771303e-05,4.5039455e-05,1.2528732e-05,-1.0832786e-05,6.423802e-05,0.00055644865,3.6906597e-05,2.010938e-05,-1.2574496e-05,2.5298934e-06,-1.1573034e-06,3.030273e-06,-9.384525e-06,3.4188104e-06,6.62645e-06,6.153523e-05,8.66678e-06,-4.64733e-05,-3.1888532e-05,2.7182268e-06,-4.0917483e-05,2.5157777e-05,2.0572055e-05,-2.073821e-05,0.0001520903,-0.0001312504,-1.4720939e-05,-5.5232977e-06,-1.5908567e-05,-0.0016234424,8.1376464e-05,5.81749e-07
BU*BU,-0.9798841320469106,0.017006543,0.0,-6.075744e-06,-3.9456212e-05,-0.00019213022,-2.5788373e-05,-5.7342644e-05,-1.466083e-06,-7.365251e-06,-7.0785686e-06,9.7603486e-05,2.59634e-07,-4.0760333e-06,8.662331e-06,4.782714e-06,-0.00076123525,-2.1217033e-05,7.780861e-06,-4.897558e-05,4.687337e-05,1.569535e-05,-0.0007238674,-1.4285653e-06,-0.0017183071,-0.0024932155,-0.002297428,-0.0002217765,0.00013911817,0.00028922252,-0.000246515,0.00013852621,0.0019677952,-0.0005311414,-0.00093423337,1.0656793e-05,-6.608098e-06,4.3694336e-06,5.983963e-05,1.0588263e-05,7.80706e-05,3.0193394e-05,1.4468299e-05,-7.698317e-06,2.62393e-05,2.1699725e-05,-3.0295985e-05,7.475615e-05,0.00040112683,-3.648367e-05,1.7101605e-05,-3.4400065e-05,-0.0003987059,1.6373697e-06,4.8401917e-06,-6.9097996e-07,4.4626345e-06,9.936029e-06,0.00010340251,1.063897e-05,6.642989e-06,-3.982943e-05,-1.1370239e-06,-5.5268643e-05,5.3832697e-05,2.6977417e-05,-3.8254075e-05,9.87039e-05,3.095905e-05,-7.221523e-05,-0.00019192498,-4.476463e-05,0.0009252357,-0.00033703088,1.4163738e-05
BU*CD,-0.02640329052115146,0.06258599,0.6731182741530322,1.2271347e-06,-6.8171844e-06,-5.6745874e-05,-2.8558707e-05,-2.4083578e-05,-4.715481e-06,-2.02153e-06,1.0650421e-05,-7.455004e-05,-7.37875e-07,8.4671025e-05,0.00018370841,-4.736236e-06,-0.0006107539,-5.099375e-05,-6.9323855e-06,6.8738525e-05,1.0301423e-05,-4.3803826e-05,0.002233178,-0.00016096927,-0.000725923,-0.0009076739,0.0034442556,0.00076524453,0.00011281136,-0.000246515,0.003917006,-9.230559e-05,-0.00274511,0.00085982657,0.0045247613,-7.4527e-05,5.6776742e-05,9.7241726e-05,9.531676e-05,3.277809e-05,0.0003598646,-1.5281596e-05,-6.0998238e-05,-0.00047854456,2.2320743e-05,3.310018e-05,0.00062829466,1.9614477e-05,-0.0009585996,0.00013792288,0.00017729047,-0.00022620567,-0.0005900223,5.171153e-05,8.048011e-05,-5.620194e-05,1.30162625e-05,9.176039e-05,-0.0004249637,-3.6160625e-05,1.0047209e-05,-9.560266e-06,-2.3747642e-05,1.3038138e-05,6.204249e-05,1.7485238e-05,0.00016282743,-0.00010652142,-4.001192e-05,6.5088854e-05,-0.00047367017,0.00013503282,-0.0059834663,0.002237819,-2.1809516e-05
BU*BV,-0.7864066550084332,0.03491853,2.5740278268253667e-112,3.7168113e-06,-1.1935693e-05,-0.00018075625,-1.6906577e-05,-5.1737163e-05,-1.9506278e-06,-7.612604e-06,-2.4207278e-05,-0.00020506927,1.4459489e-05,1.4796712e-05,5.5121578e-05,-0.00010139076,-0.000121430356,0.0002590852,-0.00019499162,-7.874296e-05,2.8257489e-06,1.6540096e-05,-0.00086250575,0.0005625227,-0.0070428546,0.0003896494,-0.0013106529,0.00027832756,0.00012632167,0.00013852621,-9.230559e-05,0.0012193039,-0.011087234,0.0030013272,0.00056065206,-2.509939e-05,-1.4436297e-05,-2.1711323e-05,3.563006e-05,7.494933e-05,0.000111549554,2.9942716e-05,3.9856914e-06,0.00022305087,4.255944e-05,0.0001669818,0.00034629516,6.7789624e-05,0.00027906473,4.1276788e-05,-0.000110983914,-7.2089206e-05,-0.0015726906,-5.2471252e-05,1.2417615e-05,0.00043557517,5.7486436e-06,-2.8717532e-05,-0.00015589791,-9.652443e-06,-4.4202632e-05,-4.0636663e-05,2.5275401e-06,-0.00013380135,3.327972e-05,2.6192294e-05,0.00027325653,-0.00011501963,6.0641894e-05,-0.00012217845,-0.0007372154,-0.00038275795,0.010891694,-0.0012748041,5.3500647e-05
BU*CS,-5.90969966919136,1.0277282,8.91087161708256e-09,-0.00015141677,-0.001251374,-0.0013810815,-0.0008039956,-0.0019267063,0.00018557331,-0.0003715359,0.0013933119,-0.0027811604,-0.0007968221,-0.0036087271,0.0029815463,0.0009631417,-0.0219666,-0.0021280136,0.004690793,-0.0019756241,0.0014467838,0.00074808527,0.00220348,-0.0073826006,0.13115515,-0.22793514,-0.08979405,-0.02032035,0.0025227189,0.0019677952,-0.00274511,-0.011087234,1.0562252,-0.28132132,-0.10309055,-0.00055803935,0.0010837548,0.00087794155,0.0015206535,0.0005401865,0.015427615,0.0019996187,-0.0010037229,-0.0048619485,0.0012851277,0.0004921002,-0.0038508493,0.0022933453,0.14021853,0.00029224387,-0.005749244,-0.001264237,0.09482524,0.004441591,0.0003734533,-0.0007442875,-0.00057312264,0.0028472848,-0.01707709,0.00015298114,0.0035192047,0.00036712465,0.0005514811,0.00027649853,-0.0011069421,0.0012740993,-0.009947466,0.016940279,-0.0022219873,0.0013511893,0.014409488,0.0057065445,-0.4480418,-0.024321144,-0.0028424745
BU*DP,1.2584828111156412,0.42022467,0.002746377449379043,0.00022392477,0.00015488733,-0.0008196289,0.0001308623,0.00070277444,5.362491e-05,-0.0002525233,-0.00025118195,-0.001359226,0.0001272273,0.0007382288,-0.00094959064,-0.00011651402,0.010548509,0.0013384016,-0.0010287282,-0.0009266442,-0.00012637318,-0.00062368275,-0.0067044864,0.0008329603,0.010935959,0.1365524,0.022439022,-0.00047010116,0.00047695395,-0.0005311414,0.00085982657,0.0030013272,-0.28132132,0.17658876,0.03760784,-6.3550164e-05,-0.00033223492,-9.752572e-05,-0.0004232243,-4.250065e-05,-2.7650132e-05,0.00046939077,5.5623077e-05,-0.0003979015,-0.00050479965,-0.00045516697,0.0008073382,-0.0009167089,-0.022529045,0.0055991034,0.00041657616,-7.401202e-05,-0.03636288,-0.00065437274,-0.00018782492,-0.0005717579,-0.00016526913,0.00085910613,0.0005805261,9.358727e-05,-0.0014220537,0.00055079156,0.00045775122,0.0004190636,0.00079006364,0.0008363026,0.0034718916,0.0022643723,0.0006204328,0.00034990197,-0.0053038374,-0.0010406795,0.09402804,-0.021034203,0.00049905054
BU*CH,1.973172909721,0.33736792,4.953489906418559e-09,2.6381978e-05,9.3709255e-05,-8.628784e-05,0.00034373495,0.00078906014,3.6199835e-06,0.000274247,-0.00089421123,4.022023e-05,0.00018904333,0.00056621,-0.0006034259,-0.00024041238,-0.0018414231,0.00072507455,-0.0019960268,0.00040318575,-7.6568744e-05,-0.0002685965,-0.0009263125,-0.0002458382,0.017467534,0.020567225,0.1289745,0.0056916755,4.4752935e-05,-0.00093423337,0.0045247613,0.00056065206,-0.10309055,0.03760784,0.11381711,3.8430233e-05,-0.0002903903,-0.00017241483,-0.0007283934,-0.00034810838,-0.0036906726,-0.000569896,0.001197831,-0.0015110422,-0.00093933375,0.00010677851,-0.0016688047,-0.0008457111,-0.01631211,-0.00588715,0.0037766218,-0.00025743528,-0.012888345,-0.00010778477,-0.00023906473,-0.0007696625,-8.3748355e-06,-0.0012220141,0.015352763,0.00010554548,-0.00052549865,-0.0003890637,-0.00028262124,0.00025514406,0.00041158442,-0.00096411986,-0.002533514,0.0007241309,0.0001947683,-0.0027821923,0.0044549853,-0.0002780491,-0.0008413289,0.036661275,0.0018821392
CD*CA,-0.40222323923302944,0.038245685,7.226673454679645e-26,5.413766e-06,-3.8192343e-06,-1.7020542e-05,-5.0545546e-05,-1.285844e-05,-1.592638e-06,-1.3522601e-05,-2.2446577e-06,-2.1214593e-05,-3.4464815e-06,1.141084e-05,0.0002141508,-5.6508957e-06,-0.0019420013,0.00030541228,-7.0100614e-05,6.35983e-05,4.0129007e-06,1.1212678e-06,5.170791e-05,-1.97506e-05,-0.0003575929,-0.00011131414,-0.00020588402,0.0005638335,1.122691e-05,1.0656793e-05,-7.4527e-05,-2.509939e-05,-0.00055803935,-6.3550164e-05,3.8430233e-05,0.0014627324,6.346466e-05,2.8648665e-05,-7.19783e-05,-1.023627e-05,-0.00045387645,-0.00037925865,-1.3262323e-05,0.00021111472,8.543477e-06,-2.3932654e-07,-4.3495198e-05,1.022015e-05,3.5261954e-05,-7.315145e-05,7.968324e-06,0.0008233365,-3.2654236e-05,-3.0418923e-05,-0.00010745091,-4.5897486e-05,4.1509566e-06,-0.00059220823,0.00050729513,0.0005144307,1.3586285e-05,2.3823125e-06,-0.00014575498,-1.4388471e-05,-0.0003465827,3.2659267e-05,-0.00032495183,-0.00020706147,4.7745225e-06,3.953316e-06,-0.00037210094,-3.6041583e-05,-2.1240343e-05,8.818795e-05,3.6215813e-06
CD*BT,-0.820277050933525,0.056147993,2.4539539084522372e-48,-4.025545e-06,0.00018205693,8.103234e-06,-0.00020937253,1.4313802e-07,-3.558387e-06,-6.4609434e-05,-2.3801215e-06,6.2739746e-05,-4.7506048e-05,7.678292e-06,-1.5196401e-05,3.1666607e-06,-0.0008864444,7.1715185e-05,5.4865362e-05,-6.496929e-05,-0.00022657585,-0.0001751425,-0.004576613,-0.00018204909,0.0055807536,-0.00037727266,-0.0015864804,-1.3424487e-05,-1.4495535e-05,-6.608098e-06,5.6776742e-05,-1.4436297e-05,0.0010837548,-0.00033223492,-0.0002903903,6.346466e-05,0.003152597,0.00016745608,0.00047588124,0.00018668483,0.0007904987,0.00031660657,0.0002864012,-7.0777983e-06,3.7384892e-05,3.1862116e-06,2.2804143e-06,2.7088895e-06,5.7015623e-05,-0.00011899892,-2.0433508e-05,-2.8837385e-05,-0.00052667246,2.0664309e-06,3.6658425e-06,-7.472036e-07,1.1177373e-05,2.238317e-06,-3.0364612e-05,1.1597121e-05,0.00030722257,6.484734e-05,4.427206e-05,8.5818945e-05,1.4658522e-05,0.0002463642,0.0003277472,-2.1026179e-05,0.00047311213,2.7503434e-05,-0.0008201682,2.3064242e-05,-0.000552185,-0.0011227182,4.8493466e-06
CD*BU,-0.4943552342628442,0.014336239,1.4469655012834392e-260,-2.6362235e-07,4.6444397e-06,4.344303e-06,-0.00014168139,-7.520225e-06,-2.7309218e-06,-4.3842523e-05,-1.353378e-06,-1.8316962e-07,-3.4805546e-06,1.47709125e-05,2.6870915e-05,5.461689e-06,-0.0009280216,6.721978e-05,5.2983385e-05,5.3127083e-06,-6.0472917e-06,-6.2143936e-06,0.0004303907,-1.085969e-05,-0.00027608627,0.0004346202,-0.00014031724,1.0452773e-05,-6.1991577e-06,4.3694336e-06,9.7241726e-05,-2.1711323e-05,0.00087794155,-9.752572e-05,-0.00017241483,2.8648665e-05,0.00016745608,0.00020552774,0.00030791515,0.00012361998,0.00040783273,0.00021889356,0.00018543808,-1.0810052e-05,6.2551258e-06,2.1588834e-05,1.4156673e-05,7.970208e-06,-1.1641586e-05,1.3339462e-05,-1.2739026e-05,-3.8402228e-05,0.00016960922,2.7836117e-05,-8.670374e-06,-5.5429887e-06,8.388856e-06,1.795561e-05,-0.00012948272,-4.4815947e-06,4.4457673e-05,8.611117e-05,3.080532e-05,5.0884828e-05,-1.956674e-05,0.00016407807,0.0002142914,1.3320023e-05,5.8024693e-07,3.079584e-05,-0.0005507694,1.916478e-05,-0.0006118074,-0.00059298973,2.7391172e-06
CD*CD,-1.1637927027365569,0.033317946,2.6146152042308522e-267,-2.075316e-06,-2.5983593e-06,-4.755395e-05,-0.0003643756,-4.0361905e-05,-6.1854603e-06,-0.000115121344,-8.30291e-06,0.00010830698,-3.5702978e-06,1.1883119e-05,7.869574e-05,7.570275e-06,-0.0025046938,-4.0502737e-06,5.8145986e-05,-8.206542e-06,-2.9042465e-07,-1.2794976e-06,0.00081111165,4.374347e-06,-0.0015008241,0.0004685129,-0.0012701639,-6.991944e-05,3.9578128e-05,5.983963e-05,9.531676e-05,3.563006e-05,0.0015206535,-0.0004232243,-0.0007283934,-7.19783e-05,0.00047588124,0.00030791515,0.0011100854,0.00032933115,-0.00022914562,0.00029009912,0.00026680363,-3.3259228e-05,3.4518624e-05,3.6501588e-05,4.434422e-05,5.408831e-05,-5.6320026e-05,-6.551304e-05,1.6704329e-05,-7.531368e-05,0.00018439056,1.0164085e-06,2.6910373e-05,-8.119091e-06,1.9402925e-05,-7.331982e-05,7.582034e-05,-6.0222734e-05,0.00012690772,0.00011258074,0.0001207817,0.00010348156,-0.00011914206,0.0004380192,0.0007378345,-5.7818455e-05,2.6212692e-05,4.9761547e-05,-0.0013569964,1.480237e-05,-0.0009958013,-0.0017203483,1.6821601e-05
CD*BV,-0.5622494130227222,0.019338522,7.640291836545647e-186,9.723418e-07,3.7047762e-06,-9.048097e-06,-0.00014804526,8.110057e-06,-2.5172003e-06,-4.529402e-05,3.7523267e-07,-3.9406874e-05,-2.5305076e-07,1.8849453e-06,2.487286e-05,-7.825156e-06,-0.0006216648,7.312746e-05,4.122642e-05,-4.899107e-06,-5.871565e-06,-2.5957763e-06,0.0003790619,1.9605164e-05,-9.305148e-05,0.0003924153,-0.0004895511,-3.5112065e-05,6.4491014e-06,1.0588263e-05,3.277809e-05,7.494933e-05,0.0005401865,-4.250065e-05,-0.00034810838,-1.023627e-05,0.00018668483,0.00012361998,0.00032933115,0.00037397846,0.00036557205,0.00025985515,0.00023462926,6.306211e-05,-1.4756765e-05,-8.557875e-06,0.00016714915,-2.2124875e-06,1.0243336e-06,-0.00012454703,-3.5597313e-05,-5.02012e-05,3.8112375e-05,1.4135029e-06,-1.2648012e-05,8.533648e-05,7.845754e-06,4.394057e-05,-0.00019329722,-1.1659083e-05,4.6110214e-05,4.2594165e-05,3.6841833e-05,0.00014708487,4.4567478e-05,0.00017180534,0.00017342682,1.1256489e-06,1.7447546e-05,-4.62563e-06,-0.00063229736,-5.718404e-06,0.0004528107,-0.0007890849,-1.2604443e-06
