Param name,Param value,Param stdv,Param p-value,CD,DP,CA,PC,CS,CH,BU,BT,PV,EL,CD*CD,CD*DP,CD*CA,CD*PC,CD*CS,CD*CH,CD*BU,CD*BT,CD*PV,CD*EL,DP*CD,DP*DP,DP*CA,DP*PC,DP*CS,DP*CH,DP*BU,DP*BT,DP*PV,DP*EL,CA*CD,CA*DP,CA*CA,CA*PC,CA*CS,CA*CH,CA*BU,CA*BT,CA*PV,CA*EL,PC*CD,PC*DP,PC*CA,PC*PC,PC*CS,PC*CH,PC*BU,PC*BT,PC*PV,PC*EL,CS*CD,CS*DP,CS*CA,CS*PC,CS*CS,CS*CH,CS*BU,CS*BT,CS*PV,CS*EL,CH*CD,CH*DP,CH*CA,CH*PC,CH*CS,CH*CH,CH*BU,CH*BT,CH*PV,CH*EL,BU*CD,BU*DP,BU*CA,BU*PC,BU*CS,BU*CH,BU*BU,BU*BT,BU*PV,BU*EL,BT*CD,BT*DP,BT*CA,BT*PC,BT*CS,BT*CH,BT*BU,BT*BT,BT*PV,BT*EL,PV*CD,PV*DP,PV*CA,PV*PC,PV*CS,PV*CH,PV*BU,PV*BT,PV*PV,PV*EL,EL*CD,EL*DP,EL*CA,EL*PC,EL*CS,EL*CH,EL*BU,EL*BT,EL*PV,EL*EL
CD,5.078733706932498,0.9325645,5.151902982538082e-08,0.86967653,-0.0063480884,-0.0056285793,0.045952942,-3.495667e-05,0.11594204,0.24387032,0.005755923,0.102180354,0.012799542,-1.7423875,-1.3904363,-0.5361243,-3.8262253,-0.111215785,-4.217461,-0.6160642,-0.76202565,-0.25214452,0.00041037126,-0.03136981,0.03669228,-4.6414767e-05,-0.0032247507,-0.13966635,-0.11654234,-0.016061312,-0.0033332244,0.0064390916,-0.0025534022,0.008317431,-7.861359e-05,-0.018276403,-0.023489645,0.05143532,0.115652874,0.25382072,0.009871958,0.10245036,0.067240305,-0.6269236,0.015532556,0.0059399595,-0.05502227,-0.22182292,0.029753994,0.0030652808,-0.033809442,-0.015158828,-0.11418821,0.00067226257,0.013005031,-0.0038136689,-0.0037337206,0.00015017031,-0.011659642,0.060148172,0.00016668333,-0.00022347235,0.0089681465,-0.17123489,-0.06321403,0.012044166,-0.4583817,0.052458853,-0.28943306,-0.12985493,-0.09860623,-0.27431846,-0.019305127,-0.31988847,-0.15969276,-0.12748279,-0.017140774,0.22204775,-0.22569907,-0.378557,-0.1613633,0.58706903,0.8993518,-0.000296325,3.6311158e-05,0.004034503,0.004219469,0.0006726843,-0.0039917426,0.0137268435,-0.005013053,-0.006436788,0.010041589,-0.08021225,0.24783355,-0.075353585,-0.11119812,0.41187567,-0.10808583,-0.06415054,-0.07818497,-0.09553786,0.007091785,-0.0049465382,0.00010900894,0.0041384744,-0.02173322,0.0039932798,0.54636335,0.0028650672,-0.008363353,-0.0015514133,-0.083327435
DP,0.38316844967489083,0.076863736,6.19504478708866e-07,-0.0063480884,0.005908034,5.407153e-05,0.0014256946,5.8407466e-05,-0.0010898084,-0.0027805672,3.5582918e-05,-0.00089330476,0.00013705889,0.011983536,0.029341394,0.00407412,-0.0030580084,0.0010715271,0.027439354,0.004173019,0.004659721,0.0016379571,0.00021639686,-0.009206065,-0.015925212,-0.00017983161,-0.003888159,-0.0014116926,-0.03116606,0.0023549683,-0.003645783,-0.0023523865,-0.00022603694,-5.8902326e-05,-2.3884163e-06,8.6719476e-05,0.0020020702,-0.0006015766,-0.00043868268,0.00010988523,-7.289302e-05,-0.00051299226,-0.0008546203,0.013708342,0.009492703,-0.00043770595,-0.0016456239,-0.016799714,-0.0065538,-0.00030165212,-0.0013044019,-0.0010381668,-0.006207679,3.0914887e-06,0.0021282646,-0.0003630634,-0.00013487691,-0.00024690243,-3.9044568e-05,3.2881555e-05,-2.2291106e-05,-6.8391887e-06,-0.0005498695,0.0003358666,0.026614532,-8.67761e-05,-0.019048842,-0.00039454593,0.0029740501,0.00078489503,0.0008718397,0.0016097411,2.1048461e-05,0.003257477,0.0064844238,0.0019967458,-0.0015721068,-0.00046710015,0.0038990448,0.0035955268,0.0020445061,-0.0038580017,-0.0066031255,-3.7284044e-05,3.578192e-05,-0.00010923823,0.00088961533,-2.8889008e-05,-0.00018050543,-0.0014748591,-2.8806162e-05,-0.00012006303,-0.00035641962,0.0004222111,-0.00647302,0.00065764267,0.00046608513,-0.0025130499,0.0009617266,0.00041686208,0.0006896819,0.0008349888,-1.43470215e-05,7.8513685e-06,-1.8584029e-05,-0.00026950808,-0.00060249044,-0.00017828039,-0.0013950301,-6.017999e-05,-0.00010640033,-7.394159e-05,-0.00082651037
CA,-0.5014657915418164,0.1702509,0.0032248342900000992,-0.0056285793,5.407153e-05,0.028985364,-0.000165284,-0.00033980608,-0.002034718,-0.002002948,0.00063357153,-0.0014888378,-0.0004831103,0.011545595,0.0102634635,0.002613521,0.014231935,0.0001662159,0.017568273,0.0039000437,0.005263763,0.0027962523,0.00012236783,0.0004950329,-0.0003706094,0.00036984644,2.912787e-05,-0.0006467045,0.0020799758,8.445325e-05,5.8674734e-05,-0.00031814838,-0.00039762916,-0.0391449,-0.0023334052,-0.0061373827,-0.1623921,-0.18274128,-0.22763073,-0.08260974,-0.030949697,-0.04139956,-0.12397182,0.004145405,8.435578e-07,-0.00070010254,0.00023677076,0.011588256,0.0004463468,-1.7444268e-05,0.00013516453,0.00030586464,0.003943563,4.0452793e-05,0.0001057003,-0.009632423,0.00018451414,0.0014357244,0.00066326064,0.00034802046,0.00019975487,-4.9331225e-06,0.0013183428,-0.0018351745,0.0051432974,-0.0038788528,0.0031501206,0.0005320097,0.007991198,0.0021606737,0.0015182096,-0.001448332,0.00171302,0.0033186015,0.0015314291,-0.014627929,-0.00012489161,-0.0021477113,-0.00073127553,0.0030027244,0.0016255549,-0.0042160214,-0.0076157725,0.0003921131,-0.00011279957,-0.0022310007,-0.0006256686,-0.00013842726,-0.0016963219,-0.0028333503,-0.00056247774,-0.0009514653,-0.001167082,0.003806164,-0.0033297588,-0.002588029,0.0012693815,-0.010600303,0.0017540938,0.0007805591,0.0012589287,0.0011225065,-0.0012041773,0.00051647867,-0.00012667407,-0.01090045,-6.9986054e-05,-0.001317915,-0.010104522,-0.00036938334,0.00028420682,-9.9915764e-05,0.0043798327
PC,-0.8538625805877755,0.30488646,0.005100896584224682,0.045952942,0.0014256946,-0.000165284,0.09295575,-0.0036851212,0.0021614903,0.012276776,-0.0019736788,0.00339331,0.00030786716,-0.09048932,-0.08173164,-0.027763173,-0.4157379,-0.002828792,-0.25769436,-0.034844447,-0.053296216,-0.012438052,0.0017907146,-0.005121001,0.0010792711,-0.0008808023,0.005068401,-0.009374491,-0.0111340135,-0.0031066947,-0.0014012858,-0.0006704869,-0.001903921,0.00069017947,-6.7863552e-06,-0.0013430624,0.002992082,0.0073011736,0.006689514,0.015907412,0.0005396462,0.0064243237,0.0034431864,-0.58483326,-0.03548831,-0.0061160913,-0.11091391,-0.54682386,-0.057743873,-0.004383112,-0.07035721,-0.034323364,-0.23198135,0.0013021681,0.0045610247,0.018388877,-0.010841866,0.015573904,0.0069880458,0.011622901,0.0019332836,0.00036961326,0.017882455,-0.0077588153,-0.007857703,0.00065384444,-0.16449594,0.0025212746,0.0020059769,-0.007827394,-0.0029197063,-0.024550285,-0.0030378422,-0.012832739,-0.0036009375,-0.0061519663,-0.012748149,0.015184728,-0.0036593587,-0.026764376,-0.010495154,0.047851462,0.0736944,0.000102089354,0.0002094568,0.001963129,0.021848697,0.00012955125,0.004138257,0.0056191958,0.0017681,0.0017793766,0.0007863416,-0.0003130921,0.0094591705,-0.0027181474,-0.02050752,0.037701957,-0.003194375,-0.0024194636,-0.0032679718,-0.003574484,0.0005835708,0.0002750516,0.00022873383,0.00060647255,-0.047698572,0.0009828736,0.03574044,0.0006680117,-0.00014907135,0.00015526365,-0.004777344
CS,-0.7911922318084512,0.13174033,1.905142070367043e-09,-3.495667e-05,5.8407466e-05,-0.00033980608,-0.0036851212,0.017355517,0.0009815956,-0.0020494026,0.00041899318,0.0004235903,-0.0012725221,-0.0013510841,0.0003520877,0.00096724095,0.012247501,-0.0006052885,0.0010604593,0.0006827075,-0.000696496,0.00012600375,-3.8612445e-05,-3.8493574e-05,-0.0005468784,0.0002487893,-6.0028404e-05,-0.04744344,5.4795975e-05,0.00042815696,4.0038365e-05,0.00013233245,0.0004865985,0.0016625391,-3.9502163e-05,0.00018806489,-0.00033857772,-0.042136896,-0.0016914926,0.0018691274,0.00028368557,-0.0001212231,-0.002083681,0.029211394,0.00048960536,0.000115344286,0.0027785422,-0.28656983,0.0006689845,0.00010336846,0.003077703,0.0016799236,-0.009036766,-0.006736526,-0.021050042,-0.084706694,-0.010219222,-0.07336094,-0.0352234,-0.032201074,-0.008764688,-0.001803143,-0.077044725,-0.003274774,0.00036353205,-0.0003625653,0.0036646796,0.00068822026,-0.003961875,-0.0001065311,-0.00072545966,0.0016101954,-0.00017184467,0.003170996,0.0011855855,2.4812169e-05,0.00060248305,0.006120513,0.0022765712,0.0032533607,0.0016980029,-0.002517064,-0.005089448,-6.9598434e-05,-5.4515967e-05,-0.00022489899,8.982206e-05,0.00021078247,-0.00059601426,-0.0028345925,-0.00038316112,-0.00047248093,-0.00027703625,-0.0018055986,0.0030856275,0.00020111038,0.0021395877,-0.048873343,-0.0004164626,-4.367722e-05,-0.00031189976,-0.00041128957,0.00082132773,0.00059014425,1.6417527e-05,0.00069683057,0.01284291,-0.00042296582,-0.010565956,-0.00025763092,0.00089660723,0.00011982354,0.007818435
CH,3.406906184983986,0.91788286,0.00020587157310199546,0.11594204,-0.0010898084,-0.002034718,0.0021614903,0.0009815956,0.8425089,0.04372286,0.0037103612,-0.0108312825,-0.039187778,-0.2750072,-0.14824009,-0.043563228,-0.46755034,0.037426803,0.7053717,-0.05754512,-0.09675235,-0.004697766,-0.096876465,-0.00078712474,0.0025885324,0.00056520826,-0.0014912167,-0.018446991,-0.528686,-0.0018674586,-0.000113331516,-0.0032442668,0.0076847943,0.006470108,-1.4532787e-05,-0.009065741,0.0066328947,0.0039106836,-0.53995866,0.021986756,0.0041394206,0.040470567,0.033029303,-0.08892873,0.0074836332,0.0018256232,-0.0028754906,-0.003579902,-0.042109914,0.00066532596,-0.00095465727,0.002424822,0.07843052,-0.00014596936,0.0005303204,-0.0053117042,-0.000791876,-0.0041472525,0.013051652,0.0036992077,-0.00042490603,-0.00010505238,-0.0029243734,-1.7621667,-1.2900333,-0.09935142,-3.5928707,-0.028953413,-3.8798761,-0.43128732,-0.56898767,2.2387447,0.10555187,-0.076174594,-0.02619601,-0.01043896,-0.0030718,0.034153685,0.16687593,-0.057754513,-0.03039354,0.13569677,0.10612229,-0.0010819617,-0.00026603922,0.0009865023,-0.0036391313,-0.00018155346,0.057254016,0.00041535898,-0.0033854016,-0.008765901,-0.0009932307,0.013239941,0.09169104,0.01315006,0.016933795,0.16097815,0.10157134,0.015794626,0.013002112,0.00930889,-0.0012358394,0.0052985526,-0.0009057455,0.046387244,0.040918577,-0.00829986,-1.5003797,-0.010631299,0.026262878,0.0063961404,0.2912625
BU,4.190934686285504,0.6640608,2.7711099357470827e-10,0.24387032,-0.0027805672,-0.002002948,0.012276776,-0.0020494026,0.04372286,0.4409767,0.011179016,0.025230486,-0.036728766,-0.50433356,-0.35741904,-0.14623253,-0.8737038,-0.021289654,-1.0213884,-0.24116021,-0.20228492,-0.062051617,0.0022381565,-0.01482605,0.01551801,0.0027681193,-0.0015964574,0.00031109527,-0.05221251,-0.009330372,0.0008951602,0.0033121095,0.0030348562,0.0051223016,-5.7477344e-05,-0.005482884,-0.030783579,0.008124973,0.023231063,-0.39426392,0.0030807906,0.028184451,0.057366222,-0.22233404,0.0046538035,0.0008755227,-0.014379809,-0.082044564,0.0045395256,0.0036806266,-0.009369573,-0.008533254,-0.00989624,0.0008592622,0.0053052735,0.010042544,0.00045348264,0.008664769,0.0006374221,-0.09564862,0.0012579618,0.00014081763,0.022851933,-0.044963103,-0.023782834,0.003394648,-0.017900348,0.015631713,-0.1167185,-0.10580472,-0.035849467,-0.03728485,0.009714772,-0.7525107,-0.27243787,-0.20447762,-0.06260368,0.03112209,-0.49443683,-0.66472,-0.36895132,0.589902,1.1288588,-0.0012930639,-0.00075634196,-0.0043525063,-0.004199952,-0.0006326762,-0.011779518,0.23670709,-0.010512972,-0.010710776,0.007989788,-0.018573416,0.09326277,-0.017823003,-0.016028862,0.12829429,-0.026278272,-0.01744306,-0.017923791,-0.023966718,0.0013132029,0.0010372818,0.0023999123,0.04525512,0.042017948,0.013673209,-0.21583469,0.010229895,0.025968,0.010917829,0.25041527
BT,5.942944677209781,0.7439063,1.3622010631384872e-15,0.005755923,3.5582918e-05,0.00063357153,-0.0019736788,0.00041899318,0.0037103612,0.011179016,0.5533966,0.004901043,-0.0010831391,-0.006878414,-0.011117658,-0.0051302556,-0.015990132,0.0005296234,0.004913637,-0.006798591,0.15814392,-0.0034193783,-0.0011494502,-0.00090560137,0.00027425628,-1.1133652e-05,5.981662e-07,-0.00218579,-0.008972518,-0.00029358742,0.044593457,0.00066032837,5.7179997e-05,-0.004769856,8.8544926e-05,0.0026429854,-0.005506998,0.015575956,-0.010852374,-0.011062193,-0.0077588167,-0.0030850247,0.00652314,0.015539612,-0.00017900036,-0.00010647708,0.003060122,-0.011189088,-0.0023845627,4.1449835e-05,-0.0007475076,-0.00093350414,0.0049423776,-8.907359e-05,-0.00051041,-0.0030544642,-6.718542e-05,-0.0017705202,-0.0006997684,-0.0044072843,0.012018269,-3.6774207e-05,-0.001841444,0.006201013,-0.011657469,-0.00379323,-0.01528065,-0.0012574183,-0.0018551257,-0.0066631907,-0.010893096,-0.014521855,-0.0037301546,-0.014587413,-0.008209216,-0.008416999,-0.0026323681,-0.002074025,-0.010622921,-0.016569572,0.012863972,0.005424192,0.02151923,-0.18687968,-0.040981565,-0.34146383,-0.32532802,-0.04092931,-0.6564485,-1.5770915,-0.5268855,-0.42686337,0.18976891,-0.004480605,-0.0040745465,-0.004479299,-0.004895026,-0.013471428,-0.0059942887,-0.0034598594,0.018439787,-0.0043669753,-0.00091911195,-3.872262e-05,-7.079842e-05,0.00019261935,-0.0006690715,-0.00022942781,-0.02413151,-5.9461378e-05,0.024469392,0.00021315432,0.009351409
PV,3.41677180440778,0.3135436,1.187562490685777e-27,0.102180354,-0.00089330476,-0.0014888378,0.00339331,0.0004235903,-0.0108312825,0.025230486,0.004901043,0.09830958,0.005695121,-0.20529848,-0.16136146,-0.02660863,-0.41533238,-0.013009306,-0.41994044,-0.07806056,-0.08627058,-0.07259079,0.004600083,-0.0030981817,0.0039436985,-0.00035507762,-0.0006994924,-0.016797138,-0.015354209,-0.0010047017,4.41348e-05,0.013949131,-0.00040348765,-0.0064091524,0.00034038184,0.010871284,-0.009183315,0.04155063,0.050045006,0.038085442,-0.00076728704,-0.05794841,0.014850561,-0.07266818,0.003246688,0.0006294598,-0.0036103954,-0.030574583,0.0016853252,0.00042919384,-0.0025665483,-0.006461366,-0.015780564,0.00013439576,0.0010484168,-0.003122453,-0.00059764885,-0.0017901715,-0.002913915,0.007498595,-0.00012792893,0.00067887286,-0.0025800404,0.056190018,0.025896255,0.013003861,0.077050485,0.0066201803,0.115565136,-0.004190616,0.0026424078,-0.27707946,-0.001663249,-0.037344486,-0.018920941,0.00084790523,-0.0012194144,0.027150352,-0.0066270977,-0.036692362,-0.015149178,-0.051339697,0.07777378,-0.00010111392,-0.0003709564,-0.006713464,-0.002758656,-0.0003105034,-0.006209996,-0.015083999,-0.0046128,0.010430646,0.0017022827,-0.14659661,-0.040344667,-0.04169033,-0.12661228,-0.115973875,-0.12690708,-0.06492713,-0.087842196,-0.08255815,-0.0022250488,-0.0011057828,-0.00015265512,-0.010127998,-0.008507455,-0.00029834954,0.11817987,0.00049011834,-0.0036680743,-0.0012630868,-0.03840563
EL,1.8982382467122638,0.4932556,0.00011889825291098618,0.012799542,0.00013705889,-0.0004831103,0.00030786716,-0.0012725221,-0.039187778,-0.036728766,-0.0010831391,0.005695121,0.24330108,-0.018364657,-0.026643142,-0.01251045,-0.0751724,-0.00911192,-0.15093681,-0.03018282,-0.011688741,-0.0052473983,0.007373227,0.0014546897,-0.0014192368,-0.0009202478,-0.0001658997,-0.008824355,0.025548637,0.0025800297,-0.00046530092,-6.158167e-05,0.0031473537,0.0009537813,1.7046323e-05,0.003766176,0.0015852408,-0.004372977,0.033834316,0.05902523,-0.0003614504,-0.006451933,-0.22017536,-0.0052369,0.0009461526,0.00022662096,0.0005620971,0.02181975,0.004819364,-0.00043565014,-0.0003872368,-0.000673758,-0.35281438,0.0006684612,0.0017453382,0.0063496684,0.00048745185,0.005376101,0.0012668984,0.01873606,0.00059461343,0.00010704048,-0.044192325,0.0749166,0.066701464,0.008356905,0.15979552,0.0039550657,0.1805714,0.0052817045,0.026335629,-0.11997758,-0.003578551,0.04384029,0.014297125,0.026392179,0.002080587,0.014647881,-0.00013731934,0.062184762,0.03347121,-0.08014462,-0.21920028,0.0005939019,0.00021570735,0.00024631174,0.0005518818,0.00020655787,-0.00012122375,-0.029514791,0.0008427315,0.0026464714,-0.008754211,-0.0034295593,-0.0074324505,-0.0061075594,-0.008470423,-0.013320614,-0.010797013,-0.013201267,-0.005549562,-0.0051010805,0.0020189872,-0.047614936,-0.010409686,-0.25355706,-0.28668213,-0.028165992,2.1901953,0.03961577,-0.1678075,-0.055799793,-1.6286224
CD*CD,-9.709730323266564,1.928944,4.810959318881209e-07,-1.7423875,0.011983536,0.011545595,-0.09048932,-0.0013510841,-0.2750072,-0.50433356,-0.006878414,-0.20529848,-0.018364657,3.7208247,2.6409097,1.0241039,7.5893283,0.113689855,8.321076,1.1911391,1.5075198,0.42163488,-0.06359467,0.043408018,-0.061884817,-0.0014926564,0.0073668337,0.283702,0.25759456,0.028240578,0.008448396,-0.009592924,0.0055703004,-0.020355562,0.0003851921,0.041311223,0.041744176,-0.10041779,-0.2822259,-0.53660595,-0.021141943,-0.1901529,-0.14328872,1.2063111,-0.028808216,-0.01167351,0.108221486,0.49051726,-0.05041224,-0.0065530944,0.06701226,0.034971494,0.21846852,-0.0013517991,-0.02557169,0.014511094,0.008004677,0.005704085,0.025069617,-0.12864864,0.00049520866,0.00032862334,-0.0032423446,0.6167447,0.09377839,-0.023680648,1.0271555,-0.10660825,0.73687,0.2431681,0.22701952,0.43901768,-0.022844343,0.7923789,0.30161166,0.24110767,0.027114274,-0.48088288,0.38029793,0.7726855,0.32752782,-1.2652925,-1.9363078,0.00034875292,-0.00040761806,-0.012261021,-0.011778115,-0.0015163268,0.0069845393,-0.025192855,0.005507773,0.0113445185,-0.017182432,0.20081903,-0.6179188,0.13210094,0.21525204,-0.8581355,0.21866263,0.11470296,0.15538675,0.18956341,-0.018529888,0.011336112,-0.00074574567,-0.017673241,0.034392122,-0.0045219413,-1.0692141,-0.0061869496,0.011920522,0.0011654611,0.11847358
CD*DP,-8.623677028872043,1.8376842,2.696395220822059e-06,-1.3904363,0.029341394,0.0102634635,-0.08173164,0.0003520877,-0.14824009,-0.35741904,-0.011117658,-0.16136146,-0.026643142,2.6409097,3.377083,0.89183575,6.1272793,0.23635669,6.81317,0.9936152,1.2312726,0.4334819,0.025951343,-0.0033969665,-0.20538968,0.010991144,0.018462386,0.43801296,-0.06181694,0.09110771,-0.0026968878,-0.011397654,0.013593595,-0.009686672,0.0027434232,0.02599428,0.049918965,-0.1134381,-0.17847806,-0.4313139,-0.016613204,-0.1741649,-0.12060556,1.0052139,-0.103876494,-0.0062409607,0.0974375,0.49992868,-0.01923678,-0.0029649853,0.06175408,0.035820212,0.28193694,-0.0010089569,-0.037132606,0.005404573,0.005959916,-0.001490751,0.019237446,-0.100497894,-0.0004468038,0.0004899302,-0.020924348,0.073393956,0.9621298,-0.020681394,0.5958247,-0.083892494,0.3108785,0.1956033,0.13254279,0.53490424,0.060205054,0.38070977,0.44979298,0.19219385,0.031016855,-0.35319653,0.344861,0.56374145,0.23435579,-0.89123845,-1.3586149,0.0007156697,0.0009446758,-0.0041487734,-0.011402044,-0.0010749829,0.0064357477,-0.00865584,0.009881902,0.009838262,-0.01788972,0.09101938,-0.06883729,0.13151944,0.16750984,-0.6321042,0.17114393,0.105177626,0.12480317,0.15228422,-0.009834194,0.0069496403,0.0041839234,-0.00096413196,0.03887651,-0.010163436,-0.915075,-0.0049717776,0.01743918,0.0035689757,0.17892091
CD*CA,-3.0772798497219953,0.9148318,0.0007688679837870028,-0.5361243,0.00407412,0.002613521,-0.027763173,0.00096724095,-0.043563228,-0.14623253,-0.0051302556,-0.02660863,-0.01251045,1.0241039,0.89183575,0.8369173,2.3625247,0.08946242,2.671251,0.3895145,0.46929502,0.118851915,0.015106478,0.020129066,-0.02436361,-0.0025924647,0.0021172322,0.10255372,0.04664006,0.010578707,0.0019514879,0.003853871,0.0042344383,0.013422737,-0.00029639073,-0.015026457,-0.029639289,-0.09657086,0.039633024,-0.21013612,0.0001693618,-0.09621644,-0.05615818,0.38572893,-0.010499088,-0.006366863,0.033193864,0.12229783,-0.01599952,-0.001744334,0.020613713,0.012038501,0.08309063,-0.00038319535,-0.008051665,-0.0047720983,0.0015171472,-0.004088996,0.008938669,-0.037511557,-0.00060494634,0.00073992036,-0.011558028,0.06933637,-0.021381885,0.07702642,0.10930285,-0.05068739,0.07166064,0.051043224,0.040161964,0.15947115,-0.015245568,0.16417502,0.102150075,0.356824,0.011961049,-0.13093653,0.15471049,0.22933872,0.09689778,-0.3899033,-0.5221627,0.000101284466,8.621669e-05,0.009410244,-0.0020637235,-0.00034963264,0.008943197,-0.006472408,0.0046015354,0.008706473,-0.0069092633,-0.045722272,-0.14377224,0.19953172,0.016238764,-0.20844986,0.022555618,0.01999265,0.016716346,0.029499082,0.0064632255,0.0028053983,0.0001802996,0.027372396,0.017871648,-0.0019031565,-0.3878707,-0.002038381,0.00829461,0.0006970854,0.0822811
CD*PC,-25.909519439614904,5.418555,1.7388024479005126e-06,-3.8262253,-0.0030580084,0.014231935,-0.4157379,0.012247501,-0.46755034,-0.8737038,-0.015990132,-0.41533238,-0.0751724,7.5893283,6.1272793,2.3625247,29.360735,0.5216479,18.468952,2.6416714,3.3399315,1.094057,0.031633817,0.18940592,-0.10990866,0.015015397,-0.06887181,0.76698154,0.7197033,0.08627685,0.03697202,-0.008548109,0.036415014,-0.023114793,0.00049213605,0.08638999,-1.5792748,-0.1832574,-0.4285209,-1.3658122,-0.03309363,-0.4634254,-0.22585003,1.7798474,0.08323069,-0.09148361,0.5061969,-2.4596553,0.1735571,-0.0019077294,0.28964043,-0.19744036,-2.322581,-0.007245079,-0.063851684,-0.03867604,0.059728894,-0.051771834,0.028198846,-0.36410466,-0.0064277854,-8.574397e-05,-0.090225235,0.56714624,0.2627867,-0.060170755,10.915279,-0.23275694,1.0479585,0.46837673,0.40673098,1.2806876,0.1111981,0.9810735,0.48795038,0.46109858,0.41768086,-1.064012,0.41544434,1.4656346,0.5307227,-2.6706438,-3.9617605,-0.0012189625,-0.0018642603,-0.027034529,-0.028246542,-0.0044258363,-0.0017714786,0.05723169,0.013932069,0.02124065,-0.055154,0.27126157,-1.0637864,0.31558946,1.1845527,-1.914196,0.43391922,0.24305029,0.31411368,0.3965768,-0.033142824,0.025652925,0.0006915365,0.002479368,0.4722491,-0.009455801,-2.5443547,-0.010086207,0.050311845,0.013197077,0.47389233
CD*CS,-0.12548943389518147,1.6309483,0.9386691930356211,-0.111215785,0.0010715271,0.0001662159,-0.002828792,-0.0006052885,0.037426803,-0.021289654,0.0005296234,-0.013009306,-0.00911192,0.113689855,0.23635669,0.08946242,0.5216479,2.6599922,0.6008847,0.08878051,0.09510303,0.06529657,0.016900431,0.011426073,-0.008449721,0.0017449352,7.300186e-05,-0.26542008,-0.017531294,0.0034103924,0.00029675232,-0.001742757,0.003212092,-0.0027961396,2.0869276e-05,-0.0002005069,0.011577929,0.0052334857,-0.105053395,-0.029126454,0.0001135263,-0.0188601,0.009764658,0.0718605,-0.0032974756,-0.0009865889,0.0051429924,-0.5431679,-0.00097568653,-0.00038099248,0.0018281364,-0.001459008,0.033896755,0.0004872378,-0.011273861,-0.0024582434,0.0058743022,0.0025608446,-0.018773502,0.09346888,-0.000475026,0.00092939666,0.01628918,-0.11860382,-0.082875334,-0.05626306,-0.21420456,0.097898275,-0.17092091,-0.033930965,-0.025214676,0.13747105,-0.033631,-0.016840646,0.020154957,0.0033101,0.0018317364,0.61334366,0.01240876,0.037540413,0.011637612,-0.060287684,-0.1032162,3.4973586e-05,-0.00027267772,-0.0012412623,-0.0023951055,0.0016651243,0.0037599655,-0.0072820834,-0.0005199933,-0.0017746985,-0.004863318,-0.006952598,0.008497371,0.017310508,0.014591732,0.56897706,0.017749878,0.011538018,0.010118061,0.013210934,-0.0041486495,0.001960728,-0.00045437852,0.009002418,-0.00044812128,0.010720635,-0.15588075,-0.0019729794,0.0060560172,0.0012905395,0.06581845
CD*CH,-22.489690729338562,5.708312,8.154462524518458e-05,-4.217461,0.027439354,0.017568273,-0.25769436,0.0010604593,0.7053717,-1.0213884,0.004913637,-0.41994044,-0.15093681,8.321076,6.81317,2.671251,18.468952,0.6008847,32.584824,2.8346903,3.737081,1.2613176,-0.3914384,0.17219116,-0.18723424,0.0042673494,0.005173894,0.7297136,-1.6123983,0.09543739,0.02054064,-0.020744488,0.047416355,-0.076241866,0.0026848498,0.09477512,0.28496075,0.13957131,-1.6858226,-1.3763992,-0.036972225,-0.51437736,-0.03276095,2.897211,0.00084971567,-0.012080168,0.3061951,1.8114288,-0.828079,-0.01031263,0.19811286,0.11998179,1.2007693,-0.0032540043,-0.055721693,0.00790183,0.017227937,-0.004492614,0.04893648,-0.35919857,-0.0006787346,0.0019994006,-0.036531303,0.8324437,-2.1235719,-0.1751691,-2.5933363,-0.2596451,-2.9387615,0.32764143,-0.4597736,4.2857046,0.67731243,1.1527017,0.58508873,0.59596616,0.026176438,-1.1940441,3.8410983,1.6865927,0.6413432,-3.0985744,-4.8836517,-0.0031366642,-0.0025878588,-0.04402816,-0.06730222,-0.0057743816,0.16626818,-0.054805364,-0.0073559755,0.017687215,-0.035578333,0.25996158,-1.1486471,0.35337415,0.4038421,-2.1019769,0.45841542,0.22151041,0.3125675,0.39956528,-0.06925984,0.025744725,0.0005948133,0.09728479,0.18129016,-0.004973076,-5.6875186,-0.038059004,0.103099115,0.034153126,1.0281229
CD*BU,-3.918106047802632,0.86447364,5.83282384576211e-06,-0.6160642,0.004173019,0.0039000437,-0.034844447,0.0006827075,-0.05754512,-0.24116021,-0.006798591,-0.07806056,-0.03018282,1.1911391,0.9936152,0.3895145,2.6416714,0.08878051,2.8346903,0.7473147,0.537907,0.17652227,-0.028964175,0.024642603,-0.023328144,0.00075226463,0.0021234758,0.10125708,0.10033182,-0.0053016236,0.0022825624,-0.004403782,0.004916901,-0.0043569044,-6.250227e-05,0.010339148,0.03197775,-0.039335966,-0.07861239,-0.10536131,-0.0062676524,-0.059989743,-0.0250644,0.4761417,-0.008422154,-0.0033179421,0.041434735,0.19929291,-0.005936061,-0.0055509517,0.026074205,0.016839463,0.15262613,-0.0005868402,-0.00982442,-0.00068389456,0.002390065,-0.0028866807,0.0083890855,-0.025515616,-0.00047387893,0.00016974834,-0.0060282885,-0.01837613,0.014956725,-0.013050391,0.15501095,-0.040052388,0.07548942,0.31744784,0.05424624,0.2690165,-0.019012123,0.41107994,0.17338774,0.10219911,0.020014128,-0.122072704,0.39348733,0.404474,0.17178369,-0.2428863,-0.2970297,0.00032953254,0.00015990736,-0.000350216,-0.0026196237,-0.0003213039,0.005476693,-0.028700724,0.0061438787,0.0043658875,-0.007864395,0.045116328,-0.15560617,0.059367392,0.07972066,-0.24135922,0.08711753,0.1407467,0.061269917,0.07307539,-0.004416237,0.0031605705,0.00072095945,0.022174347,0.03843855,0.0024289915,-0.5506391,0.0051986184,0.02028106,0.0067732013,0.20689873
CD*BT,-5.796201167184189,1.5957171,0.00028085302377707256,-0.76202565,0.004659721,0.005263763,-0.053296216,-0.000696496,-0.09675235,-0.20228492,0.15814392,-0.08627058,-0.011688741,1.5075198,1.2312726,0.46929502,3.3399315,0.09510303,3.737081,0.537907,2.5463128,0.22477622,0.0028688062,0.030544061,-0.031648003,0.0006148069,0.0002090835,0.13156646,0.09883523,0.015062371,-0.013989845,-0.004863481,0.003202226,-0.0107282,0.00012226663,0.017982885,0.037833244,-0.02836458,-0.111797206,-0.23183317,-0.020196864,-0.09248669,-0.054252237,0.5525939,0.0046038185,-0.0016267669,0.0708828,0.33718663,0.008763806,-0.0008436533,-0.009478636,0.022451073,0.27326065,-0.00033533192,-0.010125837,0.006717224,0.0021616546,0.0029414725,0.012437044,-0.054662988,-0.011959223,0.00031228163,-0.0056671673,0.13514031,0.050487816,-0.017440598,0.36825663,-0.04909975,0.25462866,0.10631549,0.13887563,0.22768167,0.014381625,0.24872443,0.13229375,0.10487426,0.019096503,-0.19914812,0.1863586,0.31805786,0.49147832,-0.5112521,-0.7755728,-0.0133283,-0.0031038094,-0.08553659,0.010920215,0.005466612,-0.3201798,-0.38580474,-0.14581975,-0.1257786,0.21607515,0.061843533,-0.20848662,0.063268125,0.080465324,-0.36645836,0.09023329,0.053939063,0.17525367,0.08096917,-0.0064839507,0.0035801323,-0.00035198737,-0.0038314918,-0.021654872,-0.0049705585,-0.49795634,-0.0029363495,0.015319542,0.0012331738,0.08059534
CD*PV,-1.8416991245979837,0.58114713,0.0015292468361999343,-0.25214452,0.0016379571,0.0027962523,-0.012438052,0.00012600375,-0.004697766,-0.062051617,-0.0034193783,-0.07259079,-0.0052473983,0.42163488,0.4334819,0.118851915,1.094057,0.06529657,1.2613176,0.17652227,0.22477622,0.33773196,0.0066363947,0.017956765,-0.011692352,0.00071505527,0.0003166428,0.03401344,0.027345916,0.005527286,0.00052792137,-0.02171103,0.001140016,-0.0014258454,-0.00028308303,0.0019622918,0.015358644,-0.028607981,-0.04623188,-0.06428665,-0.0033894845,-0.053702757,-0.025438024,0.18782568,-0.0024704093,-0.0010663049,0.015525722,0.06731654,-0.009987495,-0.0004841808,0.009164627,-0.020724285,0.05884089,-0.000142729,-0.0032959701,0.00074372796,0.00053423346,-0.0005330099,0.0035678495,-0.01419013,-0.000111742804,-6.370411e-05,-0.0067155706,-0.08920147,-0.0027220324,-0.014572442,0.013346319,-0.013224635,-0.050721783,0.02521356,0.009806653,0.25343037,0.023266815,0.02640226,0.045929708,0.014330976,0.006529535,-0.05377776,0.07370772,0.09849706,0.042130828,-0.02796447,-0.24434775,0.00019958851,0.00011851926,0.000858796,-0.0007829417,-0.00013681984,0.002565851,-0.0045894505,0.0030892198,0.0031554177,-0.0037835585,0.16235608,0.10031069,0.0416124,0.10715916,-0.12181143,0.07888326,0.051307477,0.057719253,0.07287604,-0.0007356895,0.0010902581,-0.00017407317,-0.0002371122,0.0020530203,-0.00385498,-0.15980276,-0.0015040147,0.0034150195,0.0027331864,0.03497395
CD*EL,-0.7034577756843088,0.8022285,0.3805520645135888,0.00041037126,0.00021639686,0.00012236783,0.0017907146,-3.8612445e-05,-0.096876465,0.0022381565,-0.0011494502,0.004600083,0.007373227,-0.06359467,0.025951343,0.015106478,0.031633817,0.016900431,-0.3914384,-0.028964175,0.0028688062,0.0066363947,0.6435706,0.0028656542,-0.0012061752,0.0016148955,0.00018563133,0.015074597,0.09564817,0.0024114836,-0.00029953697,0.0005052278,-0.03989688,-0.0012765283,-9.449775e-05,-0.0009960382,-0.0031441788,0.0120444205,0.029504886,0.017843472,0.00017503036,-0.023906335,-0.00618311,0.010211072,-0.0032735683,-0.0007549113,-0.002262555,-0.036157753,0.021506744,0.0003365967,-0.0016786881,-0.0027529367,-0.17823242,8.9214016e-05,0.0017918128,4.104625e-05,6.0691367e-05,0.00016318416,0.0020523195,0.0054819635,2.2045864e-05,-0.00044372762,0.00209723,0.14714512,0.14562453,-0.024595007,0.37708297,-0.01318818,0.40350604,-0.0034411096,0.06760266,-0.25660712,0.4499984,-0.053071044,0.0032180964,0.013969727,0.0033947686,0.008843409,-0.105050005,-0.0066859876,0.0011981943,-0.025024243,0.33025977,0.0001618554,6.374912e-05,0.00078853464,0.0021806895,-1.718993e-06,-0.00730476,-0.0077989157,0.001097707,0.002102674,0.0072646397,-0.006395568,-0.02535289,0.0022787377,-0.004633278,-0.12772985,-0.012879731,-0.014248703,-0.004825617,-0.0038580666,0.039921425,0.000919075,0.002368673,-0.0069136447,0.009115119,-0.0012279871,-0.32188344,0.0025161896,-0.0051977215,-0.0068736244,-0.046645354
DP*CD,1.565538855772616,0.29314741,9.271659436343422e-08,-0.03136981,-0.009206065,0.0004950329,-0.005121001,-3.8493574e-05,-0.00078712474,-0.01482605,-0.00090560137,-0.0030981817,0.0014546897,0.043408018,-0.0033969665,0.020129066,0.18940592,0.011426073,0.17219116,0.024642603,0.030544061,0.017956765,0.0028656542,0.085935414,-0.018256588,-0.019563904,0.005932059,-0.22792935,0.028548282,0.024673156,0.0020659724,-0.011067256,-0.037137363,-8.704714e-05,0.00030013543,0.00058612,-0.003419396,-0.0066084745,-0.004076944,0.004774355,-0.0006841822,-0.0069759036,-0.008624521,0.021568557,-0.016495256,0.00033368848,0.006080592,0.03547805,0.0064478633,0.00029620473,0.004064497,0.00171635,0.011243567,-5.657445e-05,-0.003979327,0.00067849807,0.00050839054,0.00016249214,0.00057494204,0.0029542088,-7.060504e-06,4.3570803e-05,-0.0016231161,-0.014793041,-0.02856564,-0.0007117826,0.043712206,-0.0014664439,-0.0012384668,0.006633561,0.0012499813,0.018464237,0.0052992757,0.0039313254,0.004560954,0.013020608,0.0055001224,0.002131626,0.026373371,0.025261562,0.012875242,-0.024337979,-0.045093138,0.00011185845,3.898578e-06,0.0003324419,-0.0011564578,3.4614535e-05,0.0005878014,-0.0067316312,0.0008490159,0.0008532272,-0.0006968827,-0.00020565862,-0.034129784,0.0029339825,0.0052689975,-0.014706528,0.0029494034,0.0021681967,0.0024365047,0.0030933144,-0.00018409592,-9.666706e-06,0.0006512972,-0.0029419835,-0.0003416993,-0.0021290712,-0.0009862814,-0.00056508055,-0.0010940415,-0.00065848406,-0.008770494
DP*DP,-2.0884434097686997,0.30718988,1.0568297481755785e-11,0.03669228,-0.015925212,-0.0003706094,0.0010792711,-0.0005468784,0.0025885324,0.01551801,0.00027425628,0.0039436985,-0.0014192368,-0.061884817,-0.20538968,-0.02436361,-0.10990866,-0.008449721,-0.18723424,-0.023328144,-0.031648003,-0.011692352,-0.0012061752,-0.018256588,0.09436562,0.0064806617,0.0041694934,0.056681436,0.093725435,-0.0442096,0.011067341,0.014138043,0.012462044,0.00022257518,-0.000114231465,-0.00060989294,-0.005897336,0.005451745,0.0036510855,-0.0012751531,0.0005313512,0.0049308864,0.0069662365,-0.048377138,-0.0024481302,0.00043054606,-0.00128688,0.0032479947,0.008568738,0.00035751436,-0.00060441147,-0.0006008439,-0.0037109456,5.4078286e-05,-0.013561117,0.0030571169,0.00021682073,0.0023116737,0.00067199836,-0.0003163534,0.0002827828,4.436866e-05,0.0047407714,0.0055633746,-0.21666338,0.0004944949,0.026569514,0.0020290033,-0.0011922636,-0.0033962866,-0.0026907623,-0.019913066,-0.0030342687,-0.009440858,-0.044516433,-0.013755878,0.000372373,0.0012009646,-0.022616792,-0.024010176,-0.012369722,0.030281816,0.052151393,2.5804393e-05,-0.00020934493,0.00019440611,-0.000528318,6.200907e-05,0.00018369089,0.0077134613,-0.00026257854,-2.6932079e-05,0.0012781174,0.00048251665,0.012245231,-0.0035245062,-0.002451683,0.017337158,-0.004126108,-0.0011507233,-0.0030718266,-0.0038107976,0.00024143638,-5.328473e-05,-0.00019448869,0.0025908095,0.0016841828,0.0017343848,0.003430922,0.0005698322,0.0010487475,0.00064942177,0.008922692
DP*CA,-0.04680845591175868,0.6144492,0.939276262332625,-4.6414767e-05,-0.00017983161,0.00036984644,-0.0008808023,0.0002487893,0.00056520826,0.0027681193,-1.1133652e-05,-0.00035507762,-0.0009202478,-0.0014926564,0.010991144,-0.0025924647,0.015015397,0.0017449352,0.0042673494,0.00075226463,0.0006148069,0.00071505527,0.0016148955,-0.019563904,0.0064806617,0.37754783,0.0018950076,0.106102645,0.017834287,-0.0020621212,0.0015569604,0.00465783,0.016773658,0.0001574743,0.00046019704,6.132625e-05,-0.00291489,-0.0075204833,-0.0058769947,-0.006113722,-0.0004548247,-0.0010022146,-0.0024777038,-0.0045982916,-0.005046137,0.00023015382,0.0009858608,0.005007341,0.003137393,0.0001607523,0.0007961879,0.0007077918,0.0054134587,-1.2746566e-05,0.004948467,-0.0014752101,-9.984584e-05,-0.0010514308,-0.00057831686,-0.0019405393,-0.00013739201,-3.489427e-05,-0.0010142729,-0.0017454156,0.022195023,-0.0007814935,0.009551208,0.00018399474,-0.0027930636,0.0004291558,-0.00033581842,0.0030150295,0.001994107,-0.003593961,-0.0016207406,-0.0055775763,0.00042902993,-0.002189271,-0.0036464606,-0.0039003787,-0.002555808,0.0030802016,0.0068947347,2.3981296e-05,-8.640455e-06,1.686702e-05,-0.000493925,1.0478755e-05,8.584383e-06,0.0024887808,7.71352e-06,-5.0726365e-05,0.00023191808,0.0003470254,0.016210478,-0.00071966136,0.00060696853,-0.0005404747,0.00044853383,0.000619369,0.00034804255,0.00032586974,3.14937e-05,5.292712e-05,-0.0004678822,0.00048328246,0.0014994039,0.0006794532,-0.007119158,0.00020354998,0.00066723314,0.00036667567,0.0053991815
DP*PC,-0.011604547974694495,0.28462744,0.9674784511663286,-0.0032247507,-0.003888159,2.912787e-05,0.005068401,-6.0028404e-05,-0.0014912167,-0.0015964574,5.981662e-07,-0.0006994924,-0.0001658997,0.0073668337,0.018462386,0.0021172322,-0.06887181,7.300186e-05,0.005173894,0.0021234758,0.0002090835,0.0003166428,0.00018563133,0.005932059,0.0041694934,0.0018950076,0.08101277,0.02739472,0.026005983,0.0037547455,0.0028135877,0.0018442733,0.0033879369,-8.629473e-05,-3.154424e-05,7.2073663e-06,0.004378852,0.00024329657,0.00014445322,0.0002935954,-1.8997844e-05,0.00014804305,6.40826e-05,0.025706891,0.029294841,-0.001219863,-0.0058650873,-0.051863942,-0.018267713,-0.0008246728,-0.004489901,-0.003623895,-0.020916939,2.731684e-05,0.00089778536,0.00025763165,-0.00032017558,0.0002536745,0.000186361,0.00020199502,5.2503976e-05,4.3188966e-06,0.00028496684,0.0010990246,0.019739753,-6.1113264e-05,-0.05731916,-0.00030190102,0.005722366,0.0004874849,0.0009998002,-0.0023029922,-0.000863002,0.004089615,0.005184055,0.00050284684,-0.0052031544,-0.0002533672,0.0035037803,0.0002467537,0.000837711,0.0016345873,0.002918041,-7.140259e-05,-5.116807e-05,-0.00011727269,0.0028387993,-4.5970493e-05,-0.00018880007,-0.000795057,1.5461217e-05,-0.00015757565,-0.00064911356,0.0007587219,0.0105157895,0.000459858,-0.00018473009,-0.00029728925,0.0008141343,0.00047931055,0.0004860294,0.0005736368,5.2474323e-05,-1.0035338e-05,-6.66521e-05,0.0002080571,-0.0012343307,5.7672587e-05,-0.002516736,1.4908198e-05,9.292053e-05,2.6791387e-05,0.0012701438
DP*CS,6.885811417236445,3.270926,0.03527767968919255,-0.13966635,-0.0014116926,-0.0006467045,-0.009374491,-0.04744344,-0.018446991,0.00031109527,-0.00218579,-0.016797138,-0.008824355,0.283702,0.43801296,0.10255372,0.76698154,-0.26542008,0.7297136,0.10125708,0.13156646,0.03401344,0.015074597,-0.22792935,0.056681436,0.106102645,0.02739472,10.698957,0.22543101,-0.010700718,0.01955911,0.055480406,0.20192954,-0.0063661747,-0.0030564312,0.0013821324,0.013449404,0.16364664,0.03164681,-0.0925872,0.0007759087,-0.007436749,0.039814625,-0.04895737,-0.07882475,0.0020096656,0.014904664,1.0553528,0.037844516,0.0014692602,0.008005547,0.009024397,0.12187612,0.0027097291,-0.6676656,0.286027,0.02917596,0.200484,0.10943567,0.06842178,0.02533627,0.0056689675,0.26910707,0.045560744,0.36966494,0.008037394,0.20208329,-0.023092132,0.037078843,0.025366591,0.016669795,0.060965814,0.024346406,0.005993177,0.019067043,-0.0002439263,0.0072134,-0.15366022,-0.016924122,0.0041016787,-0.01026025,-0.062848166,-0.054944616,0.00039055102,0.00015840327,0.00068149896,-0.008046807,-0.0008250112,0.0030819771,0.03774687,0.0018900533,0.0026878868,0.003112545,0.013214377,0.15850481,0.017547026,0.010283536,0.022881715,0.017442934,0.013211194,0.013112957,0.016104717,-0.0019921013,-0.00026847908,-0.0053890576,0.013680752,-0.015478566,0.009013252,-0.13781695,0.0027588382,0.0063917586,0.0040311683,0.05104203
DP*CH,10.868262582426228,3.5399408,0.002139283740560946,-0.11654234,-0.03116606,0.0020799758,-0.0111340135,5.4795975e-05,-0.528686,-0.05221251,-0.008972518,-0.015354209,0.025548637,0.25759456,-0.06181694,0.04664006,0.7197033,-0.017531294,-1.6123983,0.10033182,0.09883523,0.027345916,0.09564817,0.028548282,0.093725435,0.017834287,0.026005983,0.22543101,12.531181,-0.011792077,0.02205692,0.018461226,0.028778896,0.0019067257,-0.0015403463,0.00441163,-0.03399545,-0.053266115,0.4551512,-0.0172402,-0.0033610472,-0.021966198,-0.049421515,0.053325668,-0.06859609,-0.0011403799,0.013280344,0.011632358,0.13679877,0.0006025109,0.008363582,0.00012243996,-0.0704159,-8.598364e-05,0.0062085353,0.00090177165,0.0012651574,-0.00023244416,-0.007695386,-0.0018320027,-0.0002527696,-0.00012385429,-0.0023250468,0.75644815,-5.3799534,0.083310254,2.4065278,0.022166789,2.0359561,0.2620195,0.38182178,-1.1011982,-0.07326156,0.09653534,-0.005121895,0.008480497,0.021829983,-0.022547157,-0.4261446,0.06836535,0.038549453,-0.059396263,-0.030471671,0.0015516154,0.00027107634,0.0043507675,0.0030528016,0.0006553492,-0.04580277,0.010859342,0.00846582,0.008199804,-0.0010001254,0.0213673,-0.039139345,0.0020039116,0.027445942,-0.08591724,-0.019131506,0.014304454,0.0112251295,0.013817885,0.004958359,-0.002261145,-0.001432828,-0.03290577,-0.018874947,0.004192211,1.0761874,0.008571278,-0.017420566,-0.0048796465,-0.19170588
DP*BU,1.4754400873830484,0.26900566,4.139560519241643e-08,-0.016061312,0.0023549683,8.445325e-05,-0.0031066947,0.00042815696,-0.0018674586,-0.009330372,-0.00029358742,-0.0010047017,0.0025800297,0.028240578,0.09110771,0.010578707,0.08627685,0.0034103924,0.09543739,-0.0053016236,0.015062371,0.005527286,0.0024114836,0.024673156,-0.0442096,-0.0020621212,0.0037547455,-0.010700718,-0.011792077,0.07236404,-0.0020532971,-0.005747711,-0.0040700757,-0.00023482653,-5.52098e-05,0.00044113144,0.0010667535,-0.0010534815,-0.00045662772,0.006553117,-0.00018139913,-0.003029068,-0.004112526,0.0114678675,-0.014795981,0.00038478037,0.0036056798,0.021649687,0.0040385667,0.00043915093,0.0025622381,0.0019324454,0.008719017,-5.485005e-05,0.009630417,-0.0024166037,-1.2498465e-05,-0.0018098095,-0.0007903722,0.0015437256,-0.00023965178,-4.126684e-05,-0.0035180736,0.0044303294,0.12228918,0.00014360425,0.02167375,-0.00068905955,0.004305413,-0.009273185,0.0017036764,0.0067771776,0.0038972998,0.001818706,-0.06161761,0.01113542,0.0037104562,0.0015281789,0.008992856,0.012839171,0.0082841525,-0.028655251,-0.053357232,5.828052e-05,9.089526e-05,5.936271e-06,-0.0010277613,1.3121523e-05,0.00022118939,-0.006611637,0.00027286317,0.0004043193,-0.00035336148,-0.00038123314,-0.0001713491,0.0011776608,0.0007463395,-0.01183502,0.00073851214,-0.0049171057,0.00068562943,0.0010333095,-0.00012689107,2.2202898e-05,-0.00015569328,-0.0033188723,-0.0020350816,-0.0012739917,0.0152093535,-0.00080244715,-0.0017983273,-0.00079977,-0.017751751
