Param name,Param value,Param stdv,Param p-value,CA,BT,BU,CD,BV,CS,DP,CH,CA*CA,CA*BT,CA*BU,CA*CD,CA*BV,CA*CS,CA*DP,CA*CH,BT*CA,BT*BT,BT*BU,BT*CD,BT*BV,BT*CS,BT*DP,BT*CH,BU*CA,BU*BT,BU*BU,BU*CD,BU*BV,BU*CS,BU*DP,BU*CH,CD*CA,CD*BT,CD*BU,CD*CD,CD*BV,CD*CS,CD*DP,CD*CH,BV*CA,BV*BT,BV*BU,BV*CD,BV*BV,BV*CS,BV*DP,BV*CH,CS*CA,CS*BT,CS*BU,CS*CD,CS*BV,CS*CS,CS*DP,CS*CH,DP*CA,DP*BT,DP*BU,DP*CD,DP*BV,DP*CS,DP*DP,DP*CH,CH*CA,CH*BT,CH*BU,CH*CD,CH*BV,CH*CS,CH*DP,CH*CH
CA,0.285665048,0.014863513,2.56E-82,0.000220924,9.11E-07,6.55E-06,9.04E-06,6.63E-06,-6.13E-07,1.07E-05,8.67E-06,-0.00062329,-0.000219583,-8.55E-05,-0.000266771,-4.81E-05,-0.006331882,-0.000473504,-0.000694581,8.19E-05,-1.48E-06,2.79E-06,8.62E-08,1.22E-05,-0.000128679,0.000126986,5.25E-05,0.000140878,-5.95E-06,8.40E-07,1.88E-07,-2.97E-07,-0.000527822,0.000156735,8.65E-05,1.57E-05,-7.62E-06,1.22E-05,-4.86E-06,4.70E-06,-0.000120817,-3.04E-05,4.16E-05,-4.46E-05,-1.16E-05,-5.63E-06,1.21E-06,-7.60E-06,0.00013252,-8.41E-05,3.44E-07,0.000302334,-2.87E-06,1.03E-05,1.28E-05,-5.96E-07,1.90E-06,-3.11E-05,3.27E-05,-9.83E-07,-9.72E-06,1.28E-06,-1.01E-05,1.78E-06,-0.000140467,-3.46E-05,0.000135196,-1.30E-05,-1.08E-05,1.23E-05,1.12E-05,1.17E-05,-0.00012906,0.000304496,-2.02E-05
BT,0.994363562,0.016464217,0,9.11E-07,0.00027107,5.75E-05,2.06E-06,1.42E-05,-2.55E-07,-2.60E-06,-1.94E-06,-5.95E-06,1.25E-05,1.57E-06,4.28E-07,-1.24E-06,1.36E-05,-2.74E-06,-1.62E-05,-1.13E-05,-0.000252997,-0.00023626,-7.52E-05,-0.000327772,-0.003089103,-0.001274575,-0.000271815,-3.66E-05,-3.77E-05,-5.51E-05,-4.25E-05,-5.08E-05,0.000383726,-8.02E-05,-2.37E-05,-1.42E-05,2.88E-05,1.13E-05,-4.89E-06,4.95E-07,9.05E-05,-1.33E-06,-3.51E-07,-3.32E-05,7.78E-05,6.85E-06,-1.75E-05,-8.69E-06,2.36E-05,4.52E-05,-1.70E-05,-1.99E-05,0.000111039,7.35E-06,8.05E-06,2.02E-06,7.93E-07,6.43E-05,1.18E-05,-4.51E-06,0.000111864,1.61E-05,1.29E-06,1.05E-05,0.000227412,1.04E-05,1.13E-05,-8.30E-06,6.03E-05,1.50E-05,6.97E-06,1.87E-07,7.61E-05,8.05E-05,4.20E-06
BU,0.930646096,0.014783325,0,6.55E-06,5.75E-05,0.000218547,2.46E-05,5.06E-05,7.89E-07,1.10E-05,4.75E-06,-3.53E-05,-2.51E-06,2.08E-06,3.84E-06,-6.45E-06,-0.000185267,-2.64E-05,4.78E-05,-9.73E-06,-6.65E-05,-7.12E-06,2.18E-05,2.97E-05,0.002832815,0.001905778,0.000695884,-0.000167203,-0.000187943,-0.00018173,-0.000229889,-0.000192439,-0.002089919,-0.000681936,-0.000146762,-4.92E-05,-2.33E-05,-5.24E-06,-2.32E-05,-1.62E-05,-0.000577474,-8.74E-05,-1.75E-05,-7.85E-05,2.04E-05,-2.91E-05,-6.28E-05,-3.33E-05,-8.05E-05,0.000210606,-4.88E-05,1.65E-05,-1.25E-05,-4.33E-06,4.36E-06,-5.76E-06,-2.45E-06,0.000121772,2.91E-05,-2.58E-05,-3.07E-05,2.79E-05,-9.39E-06,1.97E-05,-0.000235748,-3.92E-05,-4.84E-07,-1.40E-05,-2.77E-05,2.01E-05,2.95E-05,9.10E-07,-0.000288379,0.000243066,-1.19E-05
CD,0.665805223,0.013835998,0,9.04E-06,2.06E-06,2.46E-05,0.000191435,1.81E-06,1.46E-06,4.56E-05,2.41E-05,-3.63E-05,-1.14E-05,-9.34E-06,2.26E-05,-8.73E-06,9.88E-05,-0.000158018,-1.49E-05,-3.77E-05,-2.58E-06,-2.84E-06,-1.16E-05,-5.67E-06,0.00044377,-0.000121315,4.12E-05,-0.000100599,-2.03E-05,-1.45E-05,2.31E-05,-1.50E-05,-0.000423069,-0.000124396,-6.17E-05,-0.000498129,-0.000187307,-0.000175989,-0.000131661,-9.15E-05,-0.004674772,-0.000690555,-0.000794147,-2.71E-05,7.06E-06,-8.79E-07,2.30E-06,2.18E-06,3.59E-05,0.000198793,-2.62E-05,9.09E-06,1.12E-05,-2.06E-05,6.34E-05,-3.40E-07,-4.55E-06,0.000435809,-8.82E-05,-0.000135663,-4.15E-05,-5.04E-05,-2.64E-05,-2.90E-05,-0.000638546,-0.000163863,2.89E-05,0.000137254,-1.79E-05,-2.75E-05,8.99E-05,-4.71E-05,-0.001400433,0.001381434,-5.34E-05
BV,0.955575788,0.02197588,0,6.63E-06,1.42E-05,5.06E-05,1.81E-06,0.000482939,3.53E-07,2.10E-05,-1.08E-05,-8.76E-05,-7.52E-07,1.13E-06,-2.93E-06,1.29E-05,0.000622425,2.02E-05,0.000113298,-9.02E-05,-1.93E-05,1.10E-05,-1.35E-06,0.000140064,0.000842136,0.000995607,7.90E-05,-0.000187921,-3.81E-05,-3.86E-05,-0.000109189,0.000131014,-0.000920004,0.000243289,-3.96E-05,-2.67E-05,-6.51E-07,-1.09E-05,3.17E-06,-3.68E-06,-0.000206073,-3.42E-05,-9.58E-05,-2.20E-05,-0.000596372,-0.000447958,-0.000320973,-0.000432739,-0.000659369,-0.00258416,-0.000390546,-2.05E-06,-1.47E-05,8.74E-06,-9.34E-06,1.29E-05,-1.09E-06,-9.36E-05,-4.79E-07,-5.03E-05,-2.25E-05,-1.51E-05,-3.27E-05,2.31E-05,-5.51E-05,-6.54E-05,-0.00013663,0.000152791,1.28E-05,-3.92E-06,7.25E-06,-5.30E-05,-0.000244051,-0.002160747,2.72E-05
CS,0.307277556,0.003518953,0,-6.13E-07,-2.55E-07,7.89E-07,1.46E-06,3.53E-07,1.24E-05,7.68E-07,1.29E-06,9.55E-06,5.69E-07,1.12E-07,-1.14E-06,9.46E-07,-0.000132103,-3.29E-06,-1.24E-05,-5.97E-07,2.93E-07,2.42E-07,-3.32E-07,4.02E-07,-8.65E-05,7.54E-06,-3.04E-06,-4.95E-06,-8.98E-07,-5.92E-07,-2.66E-06,1.88E-06,0.000101114,-5.33E-06,-2.08E-06,-5.61E-06,-1.55E-06,-2.69E-06,-1.61E-06,-1.66E-07,0.00016217,-5.70E-06,-3.76E-07,-1.16E-06,-1.69E-07,-2.46E-07,-3.23E-08,-1.93E-07,-5.04E-06,9.04E-06,-1.56E-08,-3.09E-05,-1.58E-05,-1.03E-05,-3.25E-05,-5.29E-06,-3.87E-05,-0.000134483,-3.93E-05,-3.24E-06,-7.61E-07,-1.52E-06,-8.02E-07,4.66E-07,6.75E-05,-2.80E-06,-5.84E-06,-1.26E-05,-1.05E-06,-2.51E-06,-8.45E-07,8.23E-07,0.000193124,-2.24E-06,-3.05E-06
DP,0.505820891,0.013919644,3.97E-289,1.07E-05,-2.60E-06,1.10E-05,4.56E-05,2.10E-05,7.68E-07,0.000193756,1.15E-05,-6.41E-05,-1.36E-05,-4.10E-06,8.72E-07,-4.63E-06,0.000290667,-0.000119139,-2.28E-05,-3.02E-05,5.90E-06,1.16E-06,-4.24E-06,-4.18E-05,0.000572062,-0.001636065,-1.78E-05,-2.42E-05,-9.55E-06,-7.92E-06,8.78E-06,-1.85E-05,-0.000172023,-0.000453165,-8.12E-06,-0.000101277,-4.32E-05,-3.81E-05,-3.19E-05,-1.89E-05,-0.000846905,-0.000220605,-0.000107057,-4.77E-05,-1.90E-05,-2.76E-05,-1.36E-05,-1.88E-05,-0.000223857,0.000577139,-6.12E-06,-9.11E-07,5.06E-06,-2.10E-05,3.13E-05,5.58E-06,-2.40E-06,0.000659191,1.95E-05,-0.000277063,-0.000197815,-0.000153171,-0.000194145,-0.000108558,-0.005102115,-0.000676455,-0.001095928,-5.99E-06,-8.14E-06,-1.65E-05,3.45E-05,-5.44E-06,-0.000610434,0.003131525,-2.51E-05
CH,0.506137726,0.013839721,8.15E-293,8.67E-06,-1.94E-06,4.75E-06,2.41E-05,-1.08E-05,1.29E-06,1.15E-05,0.000191538,-4.61E-05,-1.19E-05,-7.69E-06,-1.81E-06,-1.12E-06,0.000322582,-2.74E-05,-0.000242885,3.62E-05,3.42E-06,-2.12E-06,-1.22E-06,-2.11E-05,5.28E-05,-8.35E-05,-0.000700542,5.08E-05,-5.89E-06,-3.26E-06,1.12E-07,-8.38E-06,1.18E-05,-0.000131551,-0.000402712,-4.66E-05,-2.05E-05,-2.57E-05,-5.19E-06,-3.00E-05,-0.001199674,-9.85E-05,-5.46E-05,-4.23E-05,1.55E-05,8.59E-06,4.92E-06,1.36E-05,1.77E-05,9.69E-05,4.95E-05,3.05E-05,3.49E-06,-5.37E-06,-2.92E-05,1.07E-05,-4.00E-06,-8.22E-05,-0.000128858,-2.17E-05,-1.06E-05,-1.22E-05,-5.92E-06,-1.14E-05,-0.000600669,-4.01E-05,-2.43E-05,-0.00049886,-0.000174418,-0.000154672,-0.0004721,-4.58E-05,-0.00340614,-0.002606694,-0.000412269
CA*CA,-1.391667894,0.12430074,4.27E-29,-0.00062329,-5.95E-06,-3.53E-05,-3.63E-05,-8.76E-05,9.55E-06,-6.41E-05,-4.61E-05,0.015450675,0.000657638,2.15E-06,-0.002005432,0.000191434,-0.010518064,-0.008154005,-0.010962865,5.11E-05,8.78E-06,-2.22E-05,-9.04E-06,-0.000108823,0.000968745,-0.000928011,-0.000369107,-0.000195832,2.32E-05,1.30E-05,-1.60E-06,-6.17E-05,0.003355298,-0.001062298,-0.000831862,0.000701516,2.69E-05,-8.99E-05,7.82E-05,-0.000158018,-0.001196668,-0.000360977,-0.000850335,0.000605613,0.000104435,0.000144212,4.08E-05,6.54E-05,-0.001541736,5.17E-05,7.61E-05,-0.004056143,4.74E-05,-7.80E-05,-0.000136041,6.62E-05,-2.97E-05,0.000303945,-0.000586587,0.00021479,6.74E-05,5.49E-05,-3.08E-05,-6.09E-05,-0.001583294,0.00022281,-0.001119395,-0.000649572,4.00E-05,-5.11E-05,-0.000197781,-0.000187064,-0.000480414,-0.001267926,0.000107581
CA*BT,-0.205037375,0.026750464,1.79E-14,-0.000219583,1.25E-05,-2.51E-06,-1.14E-05,-7.52E-07,5.69E-07,-1.36E-05,-1.19E-05,0.000657638,0.000715587,5.95E-05,0.000250632,6.90E-05,0.002948344,0.00045681,0.000565978,0.000919889,1.15E-05,-2.18E-05,-1.73E-05,-0.000102148,0.00127656,-0.000400307,1.75E-05,-8.94E-05,3.89E-05,-9.65E-06,8.99E-06,-2.04E-05,0.000378883,-0.000265756,-2.61E-05,-4.38E-05,5.56E-05,-9.81E-06,8.78E-06,-7.39E-06,-3.62E-05,2.86E-05,-9.31E-05,0.000105132,-1.38E-05,1.83E-06,-9.43E-06,2.99E-06,-0.000135726,-3.18E-05,-1.21E-05,-0.000265087,-0.000112371,-8.66E-06,-2.38E-05,6.76E-07,-1.77E-06,3.13E-05,-7.21E-05,-2.27E-05,4.62E-05,1.85E-06,1.13E-05,2.08E-06,3.17E-05,4.52E-05,-6.77E-05,-2.35E-05,6.60E-05,-1.14E-05,-2.26E-05,-2.15E-05,7.35E-05,8.97E-06,2.81E-05
CA*BU,-0.099988872,0.01759748,1.33E-08,-8.55E-05,1.57E-06,2.08E-06,-9.34E-06,1.13E-06,1.12E-07,-4.10E-06,-7.69E-06,2.15E-06,5.95E-05,0.000309671,0.000109045,5.22E-05,0.000657085,0.000162493,-0.000337713,0.000183991,-5.64E-06,1.22E-05,1.82E-06,-9.25E-06,-0.000172726,6.78E-05,3.50E-05,0.000432153,-7.22E-06,2.50E-06,8.83E-06,-1.21E-05,-0.000302619,0.000109864,4.98E-05,1.01E-05,4.33E-06,4.67E-05,-2.25E-06,-7.87E-07,-0.000177546,1.35E-05,-3.11E-05,-3.08E-05,3.83E-06,-1.24E-05,-3.36E-06,2.11E-06,-6.05E-06,0.00012402,1.17E-05,2.22E-05,-4.69E-06,6.55E-06,-3.23E-05,-5.08E-06,-3.63E-07,-0.000113816,-9.22E-06,-2.78E-05,-1.88E-06,2.93E-05,-4.34E-06,5.52E-06,-0.000410078,1.23E-05,-9.58E-05,-1.81E-05,2.13E-07,3.31E-05,-1.42E-05,-1.32E-05,-0.00029102,2.88E-05,1.84E-05
CA*CD,-0.051341721,0.042666983,0.228855348,-0.000266771,4.28E-07,3.84E-06,2.26E-05,-2.93E-06,-1.14E-06,8.72E-07,-1.81E-06,-0.002005432,0.000250632,0.000109045,0.001820472,-0.000110377,0.011930607,0.001537493,0.004364629,-8.82E-05,1.79E-06,-8.68E-06,1.62E-05,-3.68E-05,-0.00010595,-0.000210321,0.000158534,3.57E-05,-5.43E-06,-1.51E-05,7.46E-05,-5.50E-05,-0.00029349,-0.000207506,0.000199035,0.000709445,-2.73E-05,-4.58E-05,3.70E-05,7.16E-06,-0.001565613,-0.000161932,-0.000158816,7.08E-05,4.81E-06,-8.19E-06,-2.15E-05,1.28E-05,-1.24E-05,0.00020226,-3.80E-05,0.000608283,-1.02E-05,-9.54E-06,-2.36E-05,-3.22E-05,3.58E-06,0.000134828,1.70E-05,0.00030509,-8.89E-06,-2.44E-05,4.01E-05,-8.41E-06,-3.55E-05,-3.76E-05,-7.84E-05,0.000567491,-9.17E-07,-1.76E-05,4.14E-05,-1.24E-05,-0.000610845,0.000223911,6.69E-06
CA*BV,-0.12637222,0.026132118,1.33E-06,-4.81E-05,-1.24E-06,-6.45E-06,-8.73E-06,1.29E-05,9.46E-07,-4.63E-06,-1.12E-06,0.000191434,6.90E-05,5.22E-05,-0.000110377,0.000682888,-0.00778171,1.24E-05,-0.002226987,-9.43E-05,1.80E-06,2.51E-06,3.08E-07,5.64E-05,-0.000320071,-0.000124233,-0.000289605,-0.00012772,8.98E-06,5.15E-06,-1.83E-05,7.73E-05,0.000129204,-0.000122961,-0.0003079,-0.000165448,1.14E-05,-3.99E-06,4.64E-06,8.10E-05,-0.000575959,3.84E-06,-5.70E-06,-0.000187406,-1.48E-05,-3.78E-06,9.78E-07,-1.71E-05,4.45E-05,-0.000212325,1.93E-05,3.08E-05,1.87E-05,-1.39E-06,-5.56E-05,-2.81E-05,-2.91E-06,-3.71E-05,5.42E-06,-0.000127919,1.39E-05,9.26E-06,-6.27E-06,3.18E-05,-0.000645674,1.86E-05,-2.84E-05,-2.44E-05,-1.44E-06,-7.11E-06,-1.76E-05,3.53E-05,-0.000676001,-0.00042407,1.01E-06
CA*CS,4.119430769,1.1660565,0.000411202,-0.006331882,1.36E-05,-0.000185267,9.88E-05,0.000622425,-0.000132103,0.000290667,0.000322582,-0.010518064,0.002948344,0.000657085,0.011930607,-0.00778171,1.3596877,0.016922021,0.013550778,0.003258766,-3.32E-05,0.000279342,-0.000523497,0.00051348,0.07343217,-0.009650782,-0.025288666,0.001702172,0.000229829,-0.000158042,-0.001320169,0.002257632,0.104321875,-0.01320904,-0.030317916,0.003909779,-0.000234844,-0.001645729,-0.000764895,0.000388295,0.06426626,0.000580231,0.006421998,-0.00457303,-0.000101868,-0.000520476,-0.0003474,-0.000646298,-0.018849,0.005630645,0.001466594,-0.017846037,0.000328241,-0.000470513,0.003705499,0.000677301,0.000416274,0.001644685,0.00496972,0.001054916,-0.000791218,-0.001567361,-9.93E-05,-0.001008326,0.06285781,-0.001303725,-0.017344663,-0.005202247,0.000445647,-0.001765884,0.00103377,0.001124259,0.05287214,-0.06079656,-0.000911507
CA*DP,0.354529046,0.17147605,0.038685796,-0.000473504,-2.74E-06,-2.64E-05,-0.000158018,2.02E-05,-3.29E-06,-0.000119139,-2.74E-05,-0.008154005,0.00045681,0.000162493,0.001537493,1.24E-05,0.016922021,0.029404039,0.012042139,-0.00046128,-4.51E-06,1.97E-05,-7.62E-06,3.96E-05,-0.002253161,0.003575191,-4.37E-05,0.00044749,1.97E-05,1.59E-06,-0.000156945,4.52E-05,-0.001599224,0.00263352,0.000178096,0.001850417,0.000144817,0.000149681,-0.000175913,0.000110195,0.004176423,0.003281287,0.000569205,-0.000102421,-5.41E-06,-6.98E-05,-8.54E-06,-2.18E-05,0.000496109,-0.001373487,-4.03E-05,0.004125973,-3.10E-05,0.000120545,-0.000175911,-7.90E-05,1.00E-05,-0.004858465,-0.000199105,0.004449766,0.000141852,-4.23E-05,0.000436929,-0.000194987,0.001910735,0.000546494,0.000222542,0.002552627,2.05E-05,1.55E-05,-0.000267489,4.28E-05,0.001877046,-0.006239422,5.80E-05
CA*CH,0.933831015,0.27949852,0.000834488,-0.000694581,-1.62E-05,4.78E-05,-1.49E-05,0.000113298,-1.24E-05,-2.28E-05,-0.000242885,-0.010962865,0.000565978,-0.000337713,0.004364629,-0.002226987,0.013550778,0.012042139,0.07811942,0.00051263,4.72E-06,-9.70E-05,-8.20E-07,-0.000108689,-0.014114982,0.002109899,0.010839365,0.002940642,-0.000127876,-5.85E-05,2.27E-05,-0.000325611,-0.02872722,0.001812401,0.012826632,0.003063076,-5.81E-05,0.0001692,-0.000149952,-0.00020136,-0.000367106,0.000115336,0.001251053,-0.001929514,-0.000194234,-0.000478791,-0.000124819,2.15E-05,0.006940864,0.001588856,-0.00123385,0.005578414,-0.00041773,8.41E-05,-5.68E-05,-8.25E-06,3.78E-05,-0.00083717,0.000231124,0.001444319,-7.11E-05,-0.000145139,1.88E-05,0.00023546,0.005515943,2.78E-05,0.003843474,0.017702965,0.000157216,0.00016596,0.000788449,0.00015997,0.003278635,-0.00442823,0.000575867
BT*CA,-0.536083696,0.21476007,0.012553243,8.19E-05,-1.13E-05,-9.73E-06,-3.77E-05,-9.02E-05,-5.97E-07,-3.02E-05,3.62E-05,5.11E-05,0.000919889,0.000183991,-8.82E-05,-9.43E-05,0.003258766,-0.00046128,0.00051263,0.046121884,-0.000535328,-0.000750287,0.00043879,-0.000329874,0.006531724,0.015754735,0.002260212,0.006972428,9.82E-05,-0.000129945,0.000108734,-0.000326396,0.004079647,-0.003367867,-0.000921511,0.000905867,5.19E-05,0.000139801,-1.25E-05,-1.24E-05,-0.000962791,3.10E-05,0.000558863,0.001080419,0.000692922,9.08E-06,-5.36E-05,6.39E-05,-0.000182688,-0.001127775,-3.61E-05,0.000661037,-0.000169642,0.000107215,-0.000121557,-1.33E-05,1.75E-06,0.000189228,-0.000499574,-4.91E-05,0.000214806,4.72E-05,1.08E-05,-0.000121233,0.001136293,0.000114242,0.002630669,-0.001201215,-0.000212431,4.85E-05,-8.71E-06,9.81E-05,-0.000513542,0.002500381,-0.000104114
BT*BT,-0.970578096,0.017636908,0,-1.48E-06,-0.000252997,-6.65E-05,-2.58E-06,-1.93E-05,2.93E-07,5.90E-06,3.42E-06,8.78E-06,1.15E-05,-5.64E-06,1.79E-06,1.80E-06,-3.32E-05,-4.51E-06,4.72E-06,-0.000535328,0.000311061,0.000144153,-4.54E-05,0.000245142,0.001339185,0.000670011,2.29E-06,-7.12E-06,5.83E-05,6.43E-05,6.22E-05,4.72E-05,-0.00043741,2.67E-05,1.73E-05,9.27E-06,-2.01E-05,-1.23E-05,9.15E-06,-1.31E-06,-0.000114016,-8.52E-06,-8.27E-06,3.60E-05,-4.02E-05,-1.25E-05,2.59E-05,1.23E-05,-4.06E-06,-4.55E-05,2.45E-05,1.41E-05,-0.0001388,-9.09E-06,-8.55E-06,-2.50E-06,-9.09E-07,-6.10E-05,-1.21E-05,-6.29E-08,-0.000206877,-1.79E-05,-6.97E-06,-1.17E-05,-0.00036123,-2.04E-05,-4.98E-05,8.10E-06,-9.27E-05,-1.63E-05,-1.25E-05,-1.77E-06,-0.00010534,3.16E-05,-7.31E-06
BT*BU,-0.698385746,0.03551993,4.58E-86,2.79E-06,-0.00023626,-7.12E-06,-2.84E-06,1.10E-05,2.42E-07,1.16E-06,-2.12E-06,-2.22E-05,-2.18E-05,1.22E-05,-8.68E-06,2.51E-06,0.000279342,1.97E-05,-9.70E-05,-0.000750287,0.000144153,0.001261666,9.38E-05,0.000317646,-0.00495094,-0.003954622,-0.002818015,-7.70E-05,0.000157931,5.06E-05,-7.39E-05,9.63E-05,-0.0017297,-0.000247938,-0.000501272,2.12E-05,-2.59E-05,-1.97E-05,-3.91E-07,6.68E-06,0.000100675,5.37E-05,0.000137294,-1.92E-05,-0.000244074,1.91E-05,-9.21E-06,-5.96E-06,-0.000411766,-0.000355079,-4.81E-05,3.08E-05,-0.000117104,-3.01E-05,-1.71E-06,-6.78E-06,-7.64E-07,0.000129731,7.98E-05,1.48E-05,-0.000108635,-5.34E-05,2.40E-05,-2.95E-05,0.000960157,-2.46E-05,-0.000120888,4.44E-05,-8.67E-05,-2.55E-05,4.32E-05,2.08E-05,5.74E-05,-0.001530204,2.42E-06
BT*CD,-0.090928373,0.038719736,0.01885564,8.62E-08,-7.52E-05,2.18E-05,-1.16E-05,-1.35E-06,-3.32E-07,-4.24E-06,-1.22E-06,-9.04E-06,-1.73E-05,1.82E-06,1.62E-05,3.08E-07,-0.000523497,-7.62E-06,-8.20E-07,0.00043879,-4.54E-05,9.38E-05,0.001499218,-7.96E-05,0.005872381,0.003272401,0.001211374,2.98E-05,-8.60E-06,-4.39E-05,9.31E-05,-5.63E-05,0.000511225,-0.000263259,0.000114287,2.96E-05,3.25E-06,2.62E-05,2.38E-05,2.81E-06,0.000134332,-1.84E-05,-6.22E-05,-1.09E-05,-1.43E-06,2.67E-06,2.34E-05,-3.59E-06,-6.73E-05,3.03E-05,1.16E-05,1.73E-05,0.000133106,9.28E-06,-3.51E-06,1.44E-06,1.05E-06,-0.000152122,-3.54E-05,7.24E-06,7.19E-05,1.98E-05,-1.15E-05,2.09E-05,-0.000115916,2.45E-05,-0.000148135,3.61E-05,3.51E-05,1.06E-05,-3.22E-05,-1.40E-05,0.000125386,0.000436584,5.05E-06
BT*BV,-0.434273223,0.0784658,3.12E-08,1.22E-05,-0.000327772,2.97E-05,-5.67E-06,0.000140064,4.02E-07,-4.18E-05,-2.11E-05,-0.000108823,-0.000102148,-9.25E-06,-3.68E-05,5.64E-05,0.00051348,3.96E-05,-0.000108689,-0.000329874,0.000245142,0.000317646,-7.96E-05,0.006156881,-0.029308127,-0.009511475,-0.002270841,-0.000368881,-6.51E-05,2.33E-05,-0.00030436,0.001044715,-0.012160082,-0.000299191,-0.00103217,-5.28E-05,-5.88E-05,-5.82E-05,7.09E-06,6.92E-05,-0.000284525,9.54E-05,-0.000396505,-9.55E-05,0.00086066,0.000132882,-3.61E-05,-9.45E-05,-0.000815237,-0.00186642,-0.000327642,0.000117573,5.50E-05,-1.23E-05,-3.60E-05,-2.25E-06,-1.23E-06,-7.70E-05,-0.000151515,1.02E-05,0.000223344,1.10E-05,7.04E-05,-0.000127348,0.002228422,0.000122759,0.001757542,0.000109746,7.78E-05,-1.07E-06,-8.82E-05,-3.93E-05,0.000822422,-0.002223807,6.19E-05
BT*CS,2.286523449,1.256146,0.068718061,-0.000128679,-0.003089103,0.002832815,0.00044377,0.000842136,-8.65E-05,0.000572062,5.28E-05,0.000968745,0.00127656,-0.000172726,-0.00010595,-0.000320071,0.07343217,-0.002253161,-0.014114982,0.006531724,0.001339185,-0.00495094,0.005872381,-0.029308127,1.5779026,0.09209161,-0.014318648,0.001246832,-0.004152435,-0.003511068,-7.35E-05,-0.011586729,0.37459645,-0.052410834,-0.018363254,-0.001499527,-0.000791738,0.000422192,-0.000392685,-0.000851693,-0.002621654,-0.002609265,0.001180154,-0.003491275,0.002670119,-0.001657332,-0.002524546,-0.000132869,0.050663546,-0.004309011,-0.001492064,-0.00225541,-0.015533955,0.001546282,0.000951501,0.000215871,0.000269272,0.005187196,0.001051963,-0.000958121,0.001507161,0.001296692,-0.000760295,0.000311553,-0.05264035,-0.001817755,-0.006406356,-0.003735649,0.000654163,0.001137768,0.001323826,7.42E-05,-0.018834865,0.01101525,-0.00028432
BT*DP,3.770835092,0.69181776,5.02E-08,0.000126986,-0.001274575,0.001905778,-0.000121315,0.000995607,7.54E-06,-0.001636065,-8.35E-05,-0.000928011,-0.000400307,6.78E-05,-0.000210321,-0.000124233,-0.009650782,0.003575191,0.002109899,0.015754735,0.000670011,-0.003954622,0.003272401,-0.009511475,0.09209161,0.4786118,0.03596339,-0.006071309,-0.001227543,-0.002612179,-0.003203234,-0.001471287,-0.06935781,0.07656325,0.011069037,0.000227207,0.000370162,0.000438346,-0.000568567,0.000115073,0.006535058,0.003669623,0.002640168,-0.001416229,8.36E-05,-0.001031818,-0.001021064,-0.001203285,-0.0078391,0.02008049,-0.000190896,6.70E-05,0.002214678,0.000139537,-0.000219532,-0.00023005,-2.39E-05,-0.015444021,0.001070328,0.003066996,-0.00867104,0.001269548,0.002220748,0.001098193,0.02467375,0.005458596,0.002921217,-6.35E-06,0.000175836,0.000677723,0.000368418,0.000416364,0.001287208,-0.09239208,8.05E-05
BT*CH,1.842125612,0.42108133,1.22E-05,5.25E-05,-0.000271815,0.000695884,4.12E-05,7.90E-05,-3.04E-06,-1.78E-05,-0.000700542,-0.000369107,1.75E-05,3.50E-05,0.000158534,-0.000289605,-0.025288666,-4.37E-05,0.010839365,0.002260212,2.29E-06,-0.002818015,0.001211374,-0.002270841,-0.014318648,0.03596339,0.17730948,-0.001476994,-0.000433202,-0.001173789,8.25E-05,-0.001801381,-0.024047974,0.007537127,0.032350685,-4.47E-06,3.97E-05,0.000157344,-9.22E-05,-0.000174777,0.000290047,-0.000672685,-0.000675353,-0.000512696,-0.000357322,0.000567166,-0.000193512,-7.16E-05,-0.004353122,-0.003767141,0.001833636,-0.000464113,0.000693579,9.58E-05,9.52E-05,-1.88E-05,9.60E-06,-0.003608662,0.000517587,3.57E-05,0.000915805,0.000433521,-0.000294278,0.000635802,-0.000276087,0.000253841,-0.007911949,0.004327276,-0.004354173,5.41E-05,0.001715749,-0.000139138,0.00919367,0.016879013,0.001539801
BU*CA,-0.838607604,0.12191841,6.05E-12,0.000140878,-3.66E-05,-0.000167203,-0.000100599,-0.000187921,-4.95E-06,-2.42E-05,5.08E-05,-0.000195832,-8.94E-05,0.000432153,3.57E-05,-0.00012772,0.001702172,0.00044749,0.002940642,0.006972428,-7.12E-06,-7.70E-05,2.98E-05,-0.000368881,0.001246832,-0.006071309,-0.001476994,0.014864099,9.31E-05,-0.000269441,0.000571713,-0.000396457,0.00938929,-0.002642365,-0.000706548,0.003682563,8.55E-05,0.000307334,-4.32E-05,-4.84E-05,-0.000571859,9.21E-07,-0.000448482,0.001802706,0.000164407,0.000217308,-5.26E-05,0.000155803,-0.000855436,-0.002075207,-0.000209518,0.0045823,-1.89E-06,0.000289016,-0.000262048,-0.000123241,1.52E-05,-0.0021471,-0.001320144,0.001057651,1.74E-05,-2.81E-05,-5.31E-05,-0.000109392,0.001147855,4.80E-05,0.002940441,0.0023032,-6.37E-05,6.26E-05,-0.000557933,-5.44E-05,0.000472115,0.005691293,-0.000129468
BU*BT,-0.738761694,0.016655564,0,-5.95E-06,-3.77E-05,-0.000187943,-2.03E-05,-3.81E-05,-8.98E-07,-9.55E-06,-5.89E-06,2.32E-05,3.89E-05,-7.22E-06,-5.43E-06,8.98E-06,0.000229829,1.97E-05,-0.000127876,9.82E-05,5.83E-05,0.000157931,-8.60E-06,-6.51E-05,-0.004152435,-0.001227543,-0.000433202,9.31E-05,0.000277408,0.00012844,0.000204855,0.000176134,0.001922288,0.000568417,5.61E-05,1.92E-05,7.23E-05,-5.84E-06,1.52E-05,1.76E-05,0.000424198,7.78E-05,3.45E-05,6.08E-05,2.84E-05,8.80E-06,5.21E-05,2.26E-05,-1.38E-05,-0.000165246,3.35E-05,-3.88E-05,0.00017763,-4.96E-06,-8.49E-06,4.45E-06,2.79E-06,-9.99E-05,-3.04E-06,1.38E-05,1.88E-05,-2.63E-05,8.80E-06,-1.74E-05,0.000199539,3.27E-05,-1.14E-05,-7.90E-06,2.58E-05,-1.54E-05,-1.53E-05,3.68E-06,0.000173803,-0.000352971,1.39E-05
BU*BU,-0.988291301,0.018854208,0,8.40E-07,-5.51E-05,-0.00018173,-1.45E-05,-3.86E-05,-5.92E-07,-7.92E-06,-3.26E-06,1.30E-05,-9.65E-06,2.50E-06,-1.51E-05,5.15E-06,-0.000158042,1.59E-06,-5.85E-05,-0.000129945,6.43E-05,5.06E-05,-4.39E-05,2.33E-05,-0.003511068,-0.002612179,-0.001173789,-0.000269441,0.00012844,0.000355481,-8.22E-06,0.000201724,-0.000841971,-0.001315376,-0.000862626,-5.63E-06,2.12E-06,3.52E-06,2.51E-05,1.57E-06,9.30E-05,2.64E-05,-2.94E-05,7.03E-05,-3.50E-05,2.38E-05,3.80E-05,2.98E-05,4.56E-05,-0.000293314,1.94E-05,-1.92E-05,1.91E-05,5.23E-06,-9.45E-06,2.50E-06,1.84E-06,6.33E-05,-6.89E-05,1.27E-05,3.58E-05,-1.68E-05,8.04E-06,-1.59E-05,5.42E-05,2.62E-05,-9.16E-05,-2.06E-05,2.73E-05,-1.91E-05,-2.19E-05,-6.11E-06,0.000205181,-0.000299981,8.05E-06
BU*CD,-0.830025268,0.03750544,1.60E-108,1.88E-07,-4.25E-05,-0.000229889,2.31E-05,-0.000109189,-2.66E-06,8.78E-06,1.12E-07,-1.60E-06,8.99E-06,8.83E-06,7.46E-05,-1.83E-05,-0.001320169,-0.000156945,2.27E-05,0.000108734,6.22E-05,-7.39E-05,9.31E-05,-0.00030436,-7.35E-05,-0.003203234,8.25E-05,0.000571713,0.000204855,-8.22E-06,0.001406658,-0.000180432,0.008104686,0.000985983,0.001561522,-0.000253648,-9.58E-06,0.000236994,9.41E-05,-7.23E-06,-0.000308791,-0.000350066,-0.000323987,-4.34E-05,1.72E-05,9.31E-05,0.000255122,6.20E-05,-0.000110604,-0.000332746,0.000162842,-0.000186725,-3.07E-05,6.99E-05,0.00011319,-7.26E-06,8.08E-06,-0.000623787,-5.99E-05,-0.000110466,-1.22E-05,1.39E-05,-9.08E-06,-3.38E-05,-0.000225676,-3.93E-05,-0.000280968,-7.14E-05,-7.93E-06,9.60E-05,3.41E-05,-4.18E-05,-0.000453562,0.001461132,-8.60E-07
BU*BV,-0.517438488,0.040447213,1.80E-37,-2.97E-07,-5.08E-05,-0.000192439,-1.50E-05,0.000131014,1.88E-06,-1.85E-05,-8.38E-06,-6.17E-05,-2.04E-05,-1.21E-05,-5.50E-05,7.73E-05,0.002257632,4.52E-05,-0.000325611,-0.000326396,4.72E-05,9.63E-05,-5.63E-05,0.001044715,-0.011586729,-0.001471287,-0.001801381,-0.000396457,0.000176134,0.000201724,-0.000180432,0.001635977,-0.009379991,-4.49E-05,-0.00147791,-0.000110172,7.29E-06,-0.00010245,1.11E-05,0.000153654,-9.24E-06,0.000113995,-0.000354644,-3.86E-05,-0.000134882,0.000221645,2.42E-05,-0.000112066,-0.001109744,-0.000610851,-0.000338275,-1.76E-05,-4.21E-05,-8.88E-06,-3.43E-05,0.000103272,-5.88E-06,-0.000594942,-0.000362042,-4.10E-05,5.33E-05,-3.43E-05,4.04E-05,-3.84E-05,0.000335614,5.32E-05,0.000383949,0.000115479,4.31E-05,-4.12E-05,-0.000124973,2.28E-05,0.000624067,-0.00381275,2.28E-05
BU*CS,-3.657326953,0.8394924,1.32E-05,-0.000527822,0.000383726,-0.002089919,-0.000423069,-0.000920004,0.000101114,-0.000172023,1.18E-05,0.003355298,0.000378883,-0.000302619,-0.00029349,0.000129204,0.104321875,-0.001599224,-0.02872722,0.004079647,-0.00043741,-0.0017297,0.000511225,-0.012160082,0.37459645,-0.06935781,-0.024047974,0.00938929,0.001922288,-0.000841971,0.008104686,-0.009379991,0.7047475,-0.062841386,-0.030084992,-0.000531703,0.000756094,0.001063743,0.000410619,-0.000629553,0.07003348,0.000524484,-0.003052889,-0.002780721,0.00091895,0.00123762,-0.00114325,0.001136269,0.060322512,-0.00332423,-0.000442144,-0.005298754,0.005245081,0.003174162,0.003013038,0.000615104,-0.000312273,0.00354616,-0.001468485,-0.000809819,0.00089888,0.000770558,0.000236616,-0.000965637,0.027696557,0.000352845,-0.000133085,-0.005740163,0.000627251,0.000941017,-0.001607611,-0.000944148,0.040661547,-0.013590862,-2.78E-05
BU*DP,0.957219662,0.33181316,0.003916434,0.000156735,-8.02E-05,-0.000681936,-0.000124396,0.000243289,-5.33E-06,-0.000453165,-0.000131551,-0.001062298,-0.000265756,0.000109864,-0.000207506,-0.000122961,-0.01320904,0.00263352,0.001812401,-0.003367867,2.67E-05,-0.000247938,-0.000263259,-0.000299191,-0.052410834,0.07656325,0.007537127,-0.002642365,0.000568417,-0.001315376,0.000985983,-4.49E-05,-0.062841386,0.11009997,0.02112861,4.42E-05,-6.82E-05,0.000588028,-0.000568604,0.000240801,0.012279973,0.004280896,0.001870413,-0.001089329,-0.000445126,-0.000354207,-2.05E-06,-0.000482805,-0.004607596,0.014780794,0.000325065,-0.001062636,-0.001344029,-0.000298926,0.000142372,-0.000291935,1.56E-05,0.004578938,0.002233783,0.001458093,-8.47E-05,-5.38E-05,0.000747761,0.000281211,0.012056272,0.001779896,0.004136558,0.000800435,-4.73E-05,0.000295382,0.000289385,0.000187903,-0.000105292,-0.021156508,0.000273685
BU*CH,0.838509006,0.2047129,4.20E-05,8.65E-05,-2.37E-05,-0.000146762,-6.17E-05,-3.96E-05,-2.08E-06,-8.12E-06,-0.000402712,-0.000831862,-2.61E-05,4.98E-05,0.000199035,-0.0003079,-0.030317916,0.000178096,0.012826632,-0.000921511,1.73E-05,-0.000501272,0.000114287,-0.00103217,-0.018363254,0.011069037,0.032350685,-0.000706548,5.61E-05,-0.000862626,0.001561522,-0.00147791,-0.030084992,0.02112861,0.04190737,2.47E-05,4.59E-05,0.000322537,-8.17E-05,-0.000131331,0.00114241,0.000152558,0.003503149,-0.000580469,-0.000244242,0.000701629,-4.51E-05,4.56E-05,-0.004193401,-0.008740437,0.002435675,-0.000806217,-0.000576383,-5.30E-05,-0.000113132,-0.000179973,6.21E-06,-0.003376464,0.003110412,-2.22E-07,-0.000145933,0.00012027,-0.000187891,0.000128717,0.002041658,0.000129476,-0.001930959,0.003305114,0.000192029,-0.000202064,0.00191447,0.000229841,0.00350128,0.007949369,0.000927607
CD*CA,-1.052077333,0.1016832,4.34E-25,1.57E-05,-1.42E-05,-4.92E-05,-0.000498129,-2.67E-05,-5.61E-06,-0.000101277,-4.66E-05,0.000701516,-4.38E-05,1.01E-05,0.000709445,-0.000165448,0.003909779,0.001850417,0.003063076,0.000905867,9.27E-06,2.12E-05,2.96E-05,-5.28E-05,-0.001499527,0.000227207,-4.47E-06,0.003682563,1.92E-05,-5.63E-06,-0.000253648,-0.000110172,-0.000531703,4.42E-05,2.47E-05,0.010339473,0.000451184,0.00037637,-4.48E-05,0.000188096,0.00987735,0.001174728,0.001577787,0.00037202,-3.63E-06,1.55E-05,-5.26E-05,1.30E-05,-0.00090128,-0.000204412,2.23E-05,0.006357773,-6.27E-05,8.46E-05,-0.000503862,-0.000261491,1.70E-05,-0.00360969,5.46E-05,0.00393522,6.98E-05,7.89E-05,-0.000126048,7.57E-05,0.000304857,0.000245069,-0.001655122,0.006673943,-9.56E-06,-5.14E-06,-0.000663942,-1.35E-05,0.001104154,-0.005530041,0.00010879
CD*BT,-0.534038619,0.020345462,7.43E-152,-7.62E-06,2.88E-05,-2.33E-05,-0.000187307,-6.51E-07,-1.55E-06,-4.32E-05,-2.05E-05,2.69E-05,5.56E-05,4.33E-06,-2.73E-05,1.14E-05,-0.000234844,0.000144817,-5.81E-05,5.19E-05,-2.01E-05,-2.59E-05,3.25E-06,-5.88E-05,-0.000791738,0.000370162,3.97E-05,8.55E-05,7.23E-05,2.12E-06,-9.58E-06,7.29E-06,0.000756094,-6.82E-05,4.59E-05,0.000451184,0.000413938,0.000151938,0.000121133,8.83E-05,0.004287691,0.000680858,0.000746266,2.02E-05,-1.54E-05,-6.52E-06,-4.15E-06,-3.29E-06,-3.50E-05,-0.000129127,2.12E-05,-3.40E-05,0.000148073,1.20E-05,-8.48E-05,1.28E-06,4.84E-06,-0.000423028,7.59E-05,0.000118115,0.000103161,4.11E-05,2.11E-05,2.65E-05,0.00043935,0.000156626,6.59E-06,-0.000183004,9.33E-05,1.13E-05,-0.00011201,4.48E-05,0.001168714,-0.001335011,4.53E-05
CD*BU,-0.355915551,0.022096379,2.26E-58,1.22E-05,1.13E-05,-5.24E-06,-0.000175989,-1.09E-05,-2.69E-06,-3.81E-05,-2.57E-05,-8.99E-05,-9.81E-06,4.67E-05,-4.58E-05,-3.99E-06,-0.001645729,0.000149681,0.0001692,0.000139801,-1.23E-05,-1.97E-05,2.62E-05,-5.82E-05,0.000422192,0.000438346,0.000157344,0.000307334,-5.84E-06,3.52E-06,0.000236994,-0.00010245,0.001063743,0.000588028,0.000322537,0.00037637,0.000151938,0.00048825,3.86E-05,9.49E-05,0.003258665,0.000629103,0.000552385,2.34E-06,5.35E-06,4.01E-05,1.71E-05,2.74E-06,-8.31E-07,-0.000170698,4.28E-05,-4.41E-05,-3.03E-05,0.000118222,-0.000159682,-1.55E-05,8.19E-06,-0.000615671,1.13E-05,6.26E-05,1.55E-05,0.000164745,-5.06E-06,3.36E-05,1.02E-05,0.000127583,-6.70E-05,-0.000165919,-1.62E-05,0.00023786,-0.000174295,2.34E-05,-6.43E-05,-0.000426419,5.19E-05
CD*CD,-1.000225078,0.021202264,0,-4.86E-06,-4.89E-06,-2.32E-05,-0.000131661,3.17E-06,-1.61E-06,-3.19E-05,-5.19E-06,7.82E-05,8.78E-06,-2.25E-06,3.70E-05,4.64E-06,-0.000764895,-0.000175913,-0.000149952,-1.25E-05,9.15E-06,-3.91E-07,2.38E-05,7.09E-06,-0.000392685,-0.000568567,-9.22E-05,-4.32E-05,1.52E-05,2.51E-05,9.41E-05,1.11E-05,0.000410619,-0.000568604,-8.17E-05,-4.48E-05,0.000121133,3.86E-05,0.000449536,-4.26E-05,0.001563205,-9.06E-05,0.000334387,6.53E-06,-1.65E-05,-1.16E-05,1.89E-05,-8.37E-06,-4.73E-05,-0.000132483,1.35E-06,-0.000134803,-1.52E-05,8.07E-06,8.18E-05,1.07E-05,5.06E-06,-0.000457911,-0.000137157,-6.43E-05,3.11E-05,2.54E-05,4.92E-05,2.83E-05,3.60E-05,0.000115176,-0.000139213,-0.000151358,7.41E-07,-2.93E-05,8.59E-05,-3.41E-05,0.000739559,-0.000671244,1.07E-05
CD*BV,-0.077391689,0.021138024,0.000250983,4.70E-06,4.95E-07,-1.62E-05,-9.15E-05,-3.68E-06,-1.66E-07,-1.89E-05,-3.00E-05,-0.000158018,-7.39E-06,-7.87E-07,7.16E-06,8.10E-05,0.000388295,0.000110195,-0.00020136,-1.24E-05,-1.31E-06,6.68E-06,2.81E-06,6.92E-05,-0.000851693,0.000115073,-0.000174777,-4.84E-05,1.76E-05,1.57E-06,-7.23E-06,0.000153654,-0.000629553,0.000240801,-0.000131331,0.000188096,8.83E-05,9.49E-05,-4.26E-05,0.000446816,0.001710933,0.00049141,0.000227226,9.84E-06,2.87E-06,2.25E-06,-2.63E-06,9.20E-06,-2.56E-05,7.67E-05,2.66E-05,-7.83E-05,-1.11E-05,1.09E-06,-0.000122721,7.01E-05,3.80E-07,-0.000151333,-2.05E-05,2.50E-05,1.37E-05,1.82E-05,5.46E-06,9.49E-05,0.000294154,6.24E-05,-0.000261022,-0.000343072,3.31E-05,3.03E-05,-0.000108726,0.000186045,4.70E-05,8.45E-05,6.79E-05
CD*CS,-4.530826765,0.685615,3.88E-11,-0.000120817,9.05E-05,-0.000577474,-0.004674772,-0.000206073,0.00016217,-0.000846905,-0.001199674,-0.001196668,-3.62E-05,-0.000177546,-0.001565613,-0.000575959,0.06426626,0.004176423,-0.000367106,-0.000962791,-0.000114016,0.000100675,0.000134332,-0.000284525,-0.002621654,0.006535058,0.000290047,-0.000571859,0.000424198,9.30E-05,-0.000308791,-9.24E-06,0.07003348,0.012279973,0.00114241,0.00987735,0.004287691,0.003258665,0.001563205,0.001710933,0.47006795,0.017465768,0.01954545,-0.000452319,6.70E-05,0.000256547,-0.000236719,0.000278085,0.004822261,-0.002167334,0.001052042,-0.007585669,-0.000491096,0.00093286,0.018003609,0.00089992,-0.000494984,-0.004284571,0.008352138,0.001511213,0.000566319,0.000650394,0.000379196,0.000491196,0.09033941,0.002749068,-0.00177433,-0.008961059,0.000780653,-0.000968609,-0.001004221,-6.45E-05,0.2506176,0.001306427,0.002681193
CD*DP,-1.101097777,0.10272023,8.25E-27,-3.04E-05,-1.33E-06,-8.74E-05,-0.000690555,-3.42E-05,-5.70E-06,-0.000220605,-9.85E-05,-0.000360977,2.86E-05,1.35E-05,-0.000161932,3.84E-06,0.000580231,0.003281287,0.000115336,3.10E-05,-8.52E-06,5.37E-05,-1.84E-05,9.54E-05,-0.002609265,0.003669623,-0.000672685,9.21E-07,7.78E-05,2.64E-05,-0.000350066,0.000113995,0.000524484,0.004280896,0.000152558,0.001174728,0.000680858,0.000629103,-9.06E-05,0.00049141,0.017465768,0.010551446,0.003677017,2.49E-05,2.49E-05,-5.97E-06,0.000118175,-2.51E-05,1.23E-05,0.000448407,0.000190728,-0.000906888,-6.82E-06,-7.05E-05,-0.000542188,-2.01E-05,1.74E-05,0.001893775,0.001050199,0.00094091,0.000200538,4.99E-05,0.001396433,-0.000199999,0.00495635,0.001056243,0.003996173,-0.001490284,0.000112056,7.42E-05,-0.000432927,0.000337506,0.003769853,-0.006894881,0.000219783
CD*CH,-1.479335696,0.16985984,3.06E-18,4.16E-05,-3.51E-07,-1.75E-05,-0.000794147,-9.58E-05,-3.76E-07,-0.000107057,-5.46E-05,-0.000850335,-9.31E-05,-3.11E-05,-0.000158816,-5.70E-06,0.006421998,0.000569205,0.001251053,0.000558863,-8.27E-06,0.000137294,-6.22E-05,-0.000396505,0.001180154,0.002640168,-0.000675353,-0.000448482,3.45E-05,-2.94E-05,-0.000323987,-0.000354644,-0.003052889,0.001870413,0.003503149,0.001577787,0.000746266,0.000552385,0.000334387,0.000227226,0.01954545,0.003677017,0.028852364,-0.000219874,5.74E-05,0.000178193,1.97E-05,7.49E-05,9.48E-05,-0.002000194,0.001488583,-0.000841299,6.29E-05,-0.000775811,-0.000129048,-0.000518159,-1.41E-07,0.009149409,0.009541169,0.000423041,3.49E-05,-0.000101224,0.000145147,-0.000138237,0.003031095,0.000389951,0.00389488,-0.005213295,6.09E-05,-0.000170981,0.007303811,0.002785149,-0.009696706,-0.031150388,0.000249153
BV*CA,0.005124741,0.10793689,0.962131429,-4.46E-05,-3.32E-05,-7.85E-05,-2.71E-05,-2.20E-05,-1.16E-06,-4.77E-05,-4.23E-05,0.000605613,0.000105132,-3.08E-05,7.08E-05,-0.000187406,-0.00457303,-0.000102421,-0.001929514,0.001080419,3.60E-05,-1.92E-05,-1.09E-05,-9.55E-05,-0.003491275,-0.001416229,-0.000512696,0.001802706,6.08E-05,7.03E-05,-4.34E-05,-3.86E-05,-0.002780721,-0.001089329,-0.000580469,0.00037202,2.02E-05,2.34E-06,6.53E-06,9.84E-06,-0.000452319,2.49E-05,-0.000219874,0.011650372,-3.08E-05,-0.0001801,0.000674658,-0.00086747,-0.004530612,0.000584695,-0.000330291,0.000344239,2.53E-05,-5.11E-05,-8.48E-05,-5.32E-05,3.56E-06,-0.000143554,-1.50E-05,0.00040544,5.63E-05,-1.87E-05,-7.96E-06,0.000119012,0.001210537,0.000173306,-0.000759385,-0.000867383,3.94E-05,4.50E-05,-2.27E-05,1.69E-05,-0.000237711,0.003195684,0.000106493
BV*BT,-1.01432708,0.04623296,1.09E-106,-1.16E-05,7.78E-05,2.04E-05,7.06E-06,-0.000596372,-1.69E-07,-1.90E-05,1.55E-05,0.000104435,-1.38E-05,3.83E-06,4.81E-06,-1.48E-05,-0.000101868,-5.41E-06,-0.000194234,0.000692922,-4.02E-05,-0.000244074,-1.43E-06,0.00086066,0.002670119,8.36E-05,-0.000357322,0.000164407,2.84E-05,-3.50E-05,1.72E-05,-0.000134882,0.00091895,-0.000445126,-0.000244242,-3.63E-06,-1.54E-05,5.35E-06,-1.65E-05,2.87E-06,6.70E-05,2.49E-05,5.74E-05,-3.08E-05,0.002137487,0.000595123,0.000391519,0.000542798,-4.14E-05,0.002097627,0.000491235,-9.03E-06,0.000104976,-5.08E-06,1.24E-05,-1.51E-05,5.13E-07,0.000100857,-2.96E-05,5.06E-05,0.000166438,2.27E-05,3.53E-05,-9.32E-05,-0.000309252,5.76E-05,0.000213667,-0.000220301,-1.96E-05,2.03E-05,-1.95E-05,6.22E-05,0.000273946,0.001805846,-3.83E-05
BV*BU,-0.828792277,0.033436734,1.24E-135,-5.63E-06,6.85E-06,-2.91E-05,-8.79E-07,-0.000447958,-2.46E-07,-2.76E-05,8.59E-06,0.000144212,1.83E-06,-1.24E-05,-8.19E-06,-3.78E-06,-0.000520476,-6.98E-05,-0.000478791,9.08E-06,-1.25E-05,1.91E-05,2.67E-06,0.000132882,-0.001657332,-0.001031818,0.000567166,0.000217308,8.80E-06,2.38E-05,9.31E-05,0.000221645,0.00123762,-0.000354207,0.000701629,1.55E-05,-6.52E-06,4.01E-05,-1.16E-05,2.25E-06,0.000256547,-5.97E-06,0.000178193,-0.0001801,0.000595123,0.001118015,0.000213904,0.000450444,-0.003803186,-0.000980891,1.98E-05,-5.56E-05,1.55E-05,3.85E-05,5.50E-06,-2.78E-05,8.05E-07,-0.000115298,0.00011376,2.53E-06,2.24E-05,8.57E-05,1.53E-05,-9.20E-05,0.000829114,9.77E-05,0.000219839,-0.000161849,-2.47E-05,1.65E-05,2.07E-05,6.82E-05,0.000151834,0.002435116,-2.17E-05
BV*CD,-0.535242887,0.03475504,1.63E-53,1.21E-06,-1.75E-05,-6.28E-05,2.30E-06,-0.000320973,-3.23E-08,-1.36E-05,4.92E-06,4.08E-05,-9.43E-06,-3.36E-06,-2.15E-05,9.78E-07,-0.0003474,-8.54E-06,-0.000124819,-5.36E-05,2.59E-05,-9.21E-06,2.34E-05,-3.61E-05,-0.002524546,-0.001021064,-0.000193512,-5.26E-05,5.21E-05,3.80E-05,0.000255122,2.42E-05,-0.00114325,-2.05E-06,-4.51E-05,-5.26E-05,-4.15E-06,1.71E-05,1.89E-05,-2.63E-06,-0.000236719,0.000118175,1.97E-05,0.000674658,0.000391519,0.000213904,0.001207913,-0.00011781,0.002604841,0.003094515,0.000897634,-7.58E-07,-1.79E-05,-1.01E-05,7.04E-06,5.13E-06,7.44E-08,-1.30E-05,-0.000109009,-5.95E-05,1.02E-05,1.03E-05,0.000116039,3.75E-05,0.000150559,-1.13E-05,-0.001381819,-8.43E-06,-1.31E-05,1.20E-05,1.08E-05,2.48E-05,0.000326155,0.002307136,-1.68E-05
BV*BV,-0.983440367,0.028855324,1.37E-254,-7.60E-06,-8.69E-06,-3.33E-05,2.18E-06,-0.000432739,-1.93E-07,-1.88E-05,1.36E-05,6.54E-05,2.99E-06,2.11E-06,1.28E-05,-1.71E-05,-0.000646298,-2.18E-05,2.15E-05,6.39E-05,1.23E-05,-5.96E-06,-3.59E-06,-9.45E-05,-0.000132869,-0.001203285,-7.16E-05,0.000155803,2.26E-05,2.98E-05,6.20E-05,-0.000112066,0.001136269,-0.000482805,4.56E-05,1.30E-05,-3.29E-06,2.74E-06,-8.37E-06,9.20E-06,0.000278085,-2.51E-05,7.49E-05,-0.00086747,0.000542798,0.000450444,-0.00011781,0.00083263,-0.001318318,-0.001265023,-0.000295648,-9.17E-06,1.25E-05,-5.35E-06,1.81E-05,-6.35E-06,6.01E-07,7.16E-05,2.81E-05,6.83E-05,1.86E-05,1.09E-05,-3.26E-07,-2.95E-05,9.77E-05,7.51E-05,0.000636474,-0.000148935,-1.33E-05,-6.11E-06,-1.43E-05,3.99E-05,0.000141688,0.001945741,-3.19E-05
BV*CS,-0.216097123,0.5194073,0.677376618,0.00013252,2.36E-05,-8.05E-05,3.59E-05,-0.000659369,-5.04E-06,-0.000223857,1.77E-05,-0.001541736,-0.000135726,-6.05E-06,-1.24E-05,4.45E-05,-0.018849,0.000496109,0.006940864,-0.000182688,-4.06E-06,-0.000411766,-6.73E-05,-0.000815237,0.050663546,-0.0078391,-0.004353122,-0.000855436,-1.38E-05,4.56E-05,-0.000110604,-0.001109744,0.060322512,-0.004607596,-0.004193401,-0.00090128,-3.50E-05,-8.31E-07,-4.73E-05,-2.56E-05,0.004822261,1.23E-05,9.48E-05,-0.004530612,-4.14E-05,-0.003803186,0.002604841,-0.001318318,0.26978388,-0.001869422,-0.000649018,0.000580628,0.000237454,0.00018206,0.000324282,-3.14E-05,1.62E-05,0.004674361,0.001151849,-0.00013286,0.000225199,-9.92E-06,0.000155529,0.00016517,0.045826696,0.000682649,-0.007779799,-0.001970619,0.00011477,0.000177489,6.43E-05,0.000114881,-0.002242076,0.008289477,-1.68E-05
BV*DP,-1.373276488,0.4847507,0.004612,-8.41E-05,4.52E-05,0.000210606,0.000198793,-0.00258416,9.04E-06,0.000577139,9.69E-05,5.17E-05,-3.18E-05,0.00012402,0.00020226,-0.000212325,0.005630645,-0.001373487,0.001588856,-0.001127775,-4.55E-05,-0.000355079,3.03E-05,-0.00186642,-0.004309011,0.02008049,-0.003767141,-0.002075207,-0.000165246,-0.000293314,-0.000332746,-0.000610851,-0.00332423,0.014780794,-0.008740437,-0.000204412,-0.000129127,-0.000170698,-0.000132483,7.67E-05,-0.002167334,0.000448407,-0.002000194,0.000584695,0.002097627,-0.000980891,0.003094515,-0.001265023,-0.001869422,0.23498322,0.007546928,0.000636264,0.000245485,-0.000277525,0.000253642,0.000691937,-2.79E-05,0.012395975,-0.002565012,-0.001478997,-0.000780125,-0.000323238,-6.55E-05,0.005996759,-0.02252744,-0.002046611,-0.007170287,0.002908694,-0.0001385,0.000117224,-0.000461537,0.0003268,0.005783394,0.070391886,-0.000275202
BV*CH,-0.590208965,0.091982305,1.39E-10,3.44E-07,-1.70E-05,-4.88E-05,-2.62E-05,-0.000390546,-1.56E-08,-6.12E-06,4.95E-05,7.61E-05,-1.21E-05,1.17E-05,-3.80E-05,1.93E-05,0.001466594,-4.03E-05,-0.00123385,-3.61E-05,2.45E-05,-4.81E-05,1.16E-05,-0.000327642,-0.001492064,-0.000190896,0.001833636,-0.000209518,3.35E-05,1.94E-05,0.000162842,-0.000338275,-0.000442144,0.000325065,0.002435675,2.23E-05,2.12E-05,4.28E-05,1.35E-06,2.66E-05,0.001052042,0.000190728,0.001488583,-0.000330291,0.000491235,1.98E-05,0.000897634,-0.000295648,-0.000649018,0.007546928,0.008460744,-6.64E-05,4.17E-06,-2.54E-05,1.32E-05,-1.41E-06,3.19E-08,-4.36E-06,0.000483983,-1.05E-05,1.23E-05,1.50E-06,5.48E-05,-6.79E-06,-0.002382196,1.77E-07,0.000971319,-0.000698765,-7.26E-05,-4.14E-05,0.00026816,3.61E-05,0.00041408,0.001233039,-0.000137089
